5000 3 1000
0 0
1000 1000
1000 999
13954 9751
75888 -54632
10747 -12901
37707 -37988
-49564 26056
-30528 -9620
6227 -95560
-82768 85135
-15530 89254
-39739 -79664
-81590 -75580
91135 -20238
-52264 -66253
-41259 -90627
-7096 -35158
-67316 13384
79722 57595
-40566 99205
35854 -48598
-83531 -59472
-28608 24073
-69287 68620
-10358 -17533
-91497 86665
-13387 51337
-83605 41011
-85354 -73467
-48171 67945
69109 17774
74183 3760
55204 44534
-36940 -86439
-64683 74541
-5727 71677
-86701 23307
59412 -97158
-38594 -1413
-65865 -13883
40127 1103
-89145 -45950
-8340 81794
7263 -43142
-78330 53071
-76547 -81572
21938 -77031
59794 36184
12762 -52173
29315 53097
-48135 -63079
-31544 -23695
6282 46520
62706 83372
-90799 73783
-99765 91264
-33671 -8494
-62169 -44344
86050 -25528
-83946 -30270
-42257 33914
-26826 81145
-39201 46997
-41335 -46376
64342 -24879
-99259 70780
-95271 -31981
43326 18052
-18760 1989
9968 -35357
-93757 -91702
17273 -55568
-50192 82114
-58065 57850
-5752 -42440
-60827 19140
-51804 2775
23570 91951
64268 80443
-57270 -54519
91711 -65763
97427 -99398
-31932 55443
86004 -87767
37590 74816
75536 -984
72947 41526
-3747 12945
-94124 -14332
-88382 39587
-34131 54119
-43390 -12399
-40417 39426
-64413 -87578
65378 58616
30896 40872
-28058 53701
-9945 -1956
-43829 -1743
53078 39337
-55236 -13170
98973 -31301
30781 31124
-64935 54536
40333 28245
47162 55797
-92600 -93077
27602 -33649
41249 37046
-86832 57770
1092 -3216
47426 60937
4378 -99584
3038 54155
8668 67098
-96297 63488
83577 -38191
-93786 31164
-11033 48741
-81791 -86860
-78244 -27784
85539 -16334
-86872 98619
-85958 -17516
36768 -79345
91371 -25047
25932 -18318
-57667 6309
28436 -5504
98228 -29797
-61387 -97232
-26951 -25551
-21611 -45284
-27217 96139
-20460 -32893
64864 97879
1540 -66782
-86266 38685
-56035 69098
13155 -63650
51375 30969
23759 9720
73282 23537
15823 -84151
-44667 -49361
9939 -7934
60199 -66166
77646 -14739
60319 -26044
17325 -92389
74921 7857
-23072 97082
-41669 38257
-78267 -5440
-24035 63676
-81190 -84261
-93311 -74910
-44546 79379
27670 -44431
-18653 -64465
87582 -63217
13140 81364
-99910 -56699
16221 -76969
55051 -96257
72930 -38058
-26520 -73758
1717 -39787
85274 13445
38474 46812
48546 -54161
89019 26275
-45087 -68861
-56703 -41540
-52342 -28372
-53725 -20581
90527 -69509
83665 -79665
44140 -56814
21165 59386
57867 -44488
-24829 28308
-25166 73025
-55423 -94349
-86862 83030
-42181 96130
-38911 -92843
-53678 -58562
-54608 1359
-19642 4629
55149 38178
-52770 40283
-56361 -99360
81124 -19442
-99169 -65956
-67593 74568
-73875 15905
34964 78905
-23612 27276
-68242 -86663
-94309 -78013
-69924 11399
-15997 -84275
37343 -52737
61229 -60593
56147 84881
58631 66141
-42306 -73958
-19402 -7772
-73678 71857
-29776 -14385
27470 88249
-93054 66965
87744 40400
-29668 63026
41665 10383
-50332 -47064
21695 40605
-3685 34110
-44326 6065
17846 -85223
-85128 30054
-24969 86963
-4744 -35792
37042 -69595
-85554 -54730
-4218 50105
13290 -72880
34617 -63765
-78506 81958
63966 64677
97581 -13718
-76327 16693
-28307 8512
-64642 -65093
-3961 -77285
-66609 84138
-38280 30905
44472 44452
9584 44058
79849 -3923
93214 -58761
22054 -45615
61346 -20862
-39188 -7309
34562 63067
39855 -20573
-38853 52220
-43396 25837
-17341 -65440
57893 1686
-60935 56454
56863 81918
-12465 31676
-983 -30113
-51903 -51384
-43494 -74094
15267 -63008
-53511 84988
73379 -68952
48014 -68098
46590 -55580
-49920 81676
-13462 -78608
-72207 -6020
42481 88525
32935 32311
86535 -3309
38523 -44511
-77338 34520
4617 -86457
21043 3190
5796 81711
60931 -898
68059 -8643
-75044 10951
78550 -43922
47372 52436
-58831 -92343
76164 85230
-32792 -76915
-3821 -33789
42319 32095
47586 18692
57172 82532
-39946 -76535
-62927 15165
23544 69443
62524 98529
-33150 -61255
-46332 41929
-36161 60215
28108 -82714
-46474 -40807
-28648 -55534
-10776 74502
-32485 86860
-17757 -48722
27512 -15878
18543 53644
17745 -98853
-11227 34815
-1981 -47010
-65193 -11158
54810 84987
-93982 -16725
80425 71963
-18717 30999
95645 93037
-62905 -94896
91868 -99310
93233 -18234
70636 55312
-39556 75425
89671 27104
66783 97047
98101 -56843
21072 -51129
27694 22897
85372 41548
-22251 58154
20643 -34288
19743 -57518
67377 -35870
-630 -65941
-40054 -75343
-90644 -37299
-26110 -14853
-19241 -58116
-14595 99881
-40246 -72086
60179 39443
-67612 -27660
-43765 -3085
94676 97892
-80584 39459
35135 -35885
-15432 52210
-41791 -16419
-74491 64224
15626 37025
-24013 25661
-83343 15354
75579 -3962
87575 10874
-90373 72826
97386 -31902
97715 -3378
-60014 97262
37656 33722
-25101 -67124
-9203 34329
-44929 31705
-71927 20280
-41623 21728
8346 -62719
57026 6042
-33375 65027
-68611 9909
-75695 20116
-58796 -27313
-34968 -26086
70049 -15576
-9486 34192
14672 -82174
36293 96048
94734 12206
82772 -61867
-75937 24067
-38247 -34060
-11957 -47566
76546 45166
29573 20208
83323 -44494
-48671 2590
60967 -77312
14860 -83084
-43460 87287
99429 -64074
85839 -65344
-57067 72169
44566 -57629
-28645 7490
4641 70463
91629 76358
32135 -1591
34507 91707
83962 1428
22007 -40059
54945 -93948
18121 -63574
-16515 40841
-41342 -89545
-8957 6887
-37615 94938
43350 -27231
-39444 16467
24789 -73945
72449 82617
-89247 -6237
-72141 76779
91974 -5262
-60394 -28702
38990 -59520
-74956 26789
4947 -86606
-9742 -76712
62139 -46813
-52482 80855
-79129 -49442
-24057 -30883
90564 90357
-4146 -29527
43436 93477
28875 -58172
-95547 21259
-92942 71312
65659 -79349
-94445 -96342
63922 30640
28386 -8997
86890 -50170
-75250 -54750
-13673 -92358
67641 -17418
-50873 -88931
54315 -33480
-51121 63941
94168 65678
41321 -22061
28326 -54247
-58034 68461
72541 -51930
-16275 -86232
97586 -75261
29968 83946
-91830 -90254
22786 28077
-37442 -88616
73802 -29628
31081 90044
-4187 -79621
17832 -43293
-50685 -96215
-85196 88249
90949 72989
80922 -95523
19411 60017
36402 42657
-60783 -74032
-25515 7351
-6833 -88339
-61535 39048
61882 86695
-52534 27940
-27250 20692
-33892 -77022
84788 -25094
82305 36001
78574 15726
67704 -43397
-53159 70015
75855 -44696
36337 -6471
-5160 -33577
-8832 40123
85251 -47260
-99081 23054
-54941 12899
-80826 1768
-30185 53451
-77872 -68322
64275 -1351
-53874 -68000
-31522 -97902
72295 -88622
-46009 -26278
-46481 -83904
-77012 -1120
-72217 -11617
-35302 -84212
-78557 81404
-12824 -94646
-57492 -89026
87958 -27950
74794 -23330
65793 87060
-42681 -30493
-94535 -42444
33867 -72495
-76172 -17319
-78518 -15189
-89924 -25855
45878 45659
-23630 76138
18925 -94154
90628 36952
-47284 -87101
-82484 -25559
79389 -90453
-66412 27442
-38842 37119
-87704 96462
69721 85143
-41425 -17156
62882 -27647
-72367 40996
29294 -52465
58470 -26303
56969 19179
22569 -47440
-43671 -5087
42738 24008
38894 66957
84151 -6860
39365 2601
99709 16175
-37620 18743
52933 -4491
42428 -19515
-94478 -2043
1644 -13823
22057 -4424
72869 -25415
-40219 64906
-54787 20647
-38468 16774
67785 89706
22642 -45287
-81408 49285
95888 44787
13724 -41874
34263 38964
70201 86539
36732 -29391
9924 62478
-58258 -49483
24873 -37375
82922 89422
95011 58726
17632 -29914
-51006 65614
-14749 78385
94884 -78103
49369 89297
-92427 80591
-76922 23681
95818 76185
8446 93843
97387 -54054
-36702 44475
-8809 96343
27180 39392
-47971 2081
-65248 -15302
-9702 -4219
-18044 3268
-54636 86797
7894 -47379
-26237 10944
-63272 48741
82763 17230
-95832 -13958
-8357 55550
61561 -10022
-71069 14023
62075 39040
-19763 -66512
70953 -62824
25621 -5475
-99664 17488
-81846 83324
52258 -60083
13116 95883
97696 -69085
52372 35846
84655 -68251
-72883 -49291
-18728 37573
59653 -89950
3924 33032
58085 69149
87321 48077
-72604 -18490
45297 67671
2853 57552
-37926 25592
73845 -46528
-99782 -84148
-14130 7563
-91693 59066
-67328 -67737
-57879 -26783
-64864 -69309
94630 -93796
-74261 -69294
39757 38058
84496 -4717
-68727 10016
61815 -19666
-92339 -35721
-83744 98588
-2903 -29259
-79981 -82525
-27987 59699
52745 -12544
-5956 63009
72555 79194
-25905 -97041
-7148 16690
77689 14514
57997 -35590
94096 -18970
25626 57834
-33902 42167
-24808 -79492
-30015 -75874
85516 -60567
95534 14343
97298 -10439
-1887 -72040
-76293 -33226
46717 2147
93505 84907
-12205 58012
-64476 19507
13762 66705
-44019 -548
85327 -42294
58930 -52211
68602 -20909
-6360 -89105
96527 74243
37458 -98949
18423 -51013
81195 17817
85872 -47884
-73829 32390
92102 -10651
20470 65206
59480 35400
37084 19238
-13173 -25614
-74036 29535
-24002 -12569
-99548 17515
-50792 -43500
82117 71356
-98023 -96346
-82181 -76347
94040 54485
-6455 65224
44458 -93057
83719 -58244
-86682 -48755
-52459 71397
79694 -88639
-55156 68676
75774 92758
50335 -17724
28180 72061
-59162 -2645
49325 -63540
76425 -76117
-23761 21966
24982 43468
-78863 84145
27694 73566
17345 68579
88235 42771
74237 -39879
-4990 73359
-59038 12309
23425 -98221
-5575 -57895
62189 55654
-15452 -16968
-55906 -39904
24548 -52479
55090 51554
95753 -94125
-80339 -40154
-66248 -81046
90329 91498
-51364 15378
-10183 29173
-24456 96558
-42547 -64631
-52010 -64272
-19182 -97026
-7309 55844
-75748 73540
-19531 -66787
-62153 -10588
71631 23875
-61638 -3614
-94418 -5591
36279 -20062
18318 23129
97695 95003
-9743 44610
-20546 4002
-64462 7783
-42727 -17661
29997 -94395
52793 -81171
97484 -25749
17240 -61803
-9926 -48648
-39305 37941
-79783 -60094
63314 -67907
65110 -56760
-17078 84405
62762 -54680
-13449 17625
-96916 57138
73114 43976
81188 -31905
14963 -8200
-70959 56117
4725 -42428
-77524 92705
66970 -93172
-41641 66522
37524 -8125
5094 76800
-22302 -45382
-21369 79283
71037 -19144
-3243 -19734
-64427 94614
58611 58795
-7206 10900
42191 -8280
-43064 88001
-75587 -16928
-87450 57350
-44814 -20349
-57659 65490
97265 -97311
53013 65771
-91019 -35912
89336 -23699
-38298 -96839
-56002 -92140
41776 -23280
-97568 -96047
-40285 -22963
-88747 -55294
70769 -11720
-12564 -29673
68678 -85513
-10410 -68016
30292 18748
-73628 8636
12482 -7953
50610 -464
-32423 -61018
-22173 81577
68716 -9848
34391 -3131
4192 -57735
87958 77723
-94970 61062
-19681 -32157
67020 85661
77946 59701
36181 33021
-59929 39413
-14047 -70620
4673 26667
-64476 -85945
-20416 -79844
53853 56379
50856 -75547
-42372 -98557
-19089 76505
27900 72561
-287 -34204
279 79048
-40042 -60605
-45877 48556
-55386 71729
99848 15338
-73426 73642
2606 49874
-6672 -26300
97016 -71031
-29563 -27381
-72978 -46115
68254 667
-62957 88676
-18880 55878
91308 -58872
-25811 73987
-39205 28104
-34069 3088
-25409 61092
-64762 -69861
-61690 -42377
42491 98525
12532 -94847
-30544 61712
14162 -20822
-36676 -67625
56817 468
49974 -40028
-93008 -19788
-54387 -31099
24629 -85782
40258 -62638
51851 -42287
34484 62039
63495 32069
89979 -39869
-11745 -81586
-72423 -15969
-17337 -36711
25707 -34058
90941 -43034
61156 34777
-12916 -26290
-92148 -35252
78743 75145
34298 -26651
47930 -7126
94543 -84236
-93413 521
-27210 -74328
52309 28231
22862 -39890
-67721 -42190
-33094 66171
33131 86502
-69987 -48581
-39646 19374
53324 82226
-17253 52668
-3292 69889
92254 -74363
-19645 -3997
79685 -47943
-34754 98875
94162 -85625
75114 86632
-65714 -1049
-38286 -80898
38413 63268
13730 -63621
-26394 -49889
97592 68799
-79878 -51206
-67644 1304
6911 -89124
-50572 -61311
72536 31898
94333 40027
79316 26349
-68581 -38620
25360 -24276
17600 -88073
-85076 86454
-42799 -81823
-79635 -78835
6176 -45161
-72820 -58204
-17855 42272
72505 -72293
-20253 -87443
-3920 83210
-23780 -35921
80832 -64397
17713 -33965
-83261 77804
-87705 -40034
25021 79207
86941 -57575
78223 78589
53127 -92516
9631 55223
4969 -53677
91328 43517
57788 -32567
43589 -96875
-16285 45110
82090 70459
-97239 -3860
21634 69306
-52659 51827
-86182 -10858
-27121 18058
-77243 -36794
-86658 -41078
94214 44050
43906 -79093
33659 15426
-83087 -14365
-61533 -4020
96407 89664
-84769 53332
87005 4455
94265 -26172
-24841 -83620
55968 -54537
96195 -60834
12767 -85929
42145 11260
-63080 -37064
-36564 -76565
85039 45492
-51150 63138
-6859 -77257
-12843 86689
7973 55015
54730 40434
3835 76108
50143 -71111
-79306 -89803
5878 88216
-64307 5198
-11966 -82330
-21999 28154
-87942 99887
28769 7042
-51023 -3190
-97687 -77659
-62169 34787
84273 -65415
-77004 -59980
-2266 -25078
53185 -27485
-14580 -65036
99149 62004
-85401 -28983
-36411 81380
83570 80640
-24741 -55137
-34744 97288
-23387 93079
-80062 -5863
79737 -12435
87359 -85384
94004 72082
36665 67559
-85041 20276
89785 -58537
57591 -58881
-8852 2776
-37436 92543
6916 -55493
-79656 12108
-94706 -74934
-14396 -15149
63582 25524
72367 8167
72918 95784
-46918 73227
29493 21884
25212 99027
-32113 52874
-94199 89975
7053 -67677
-69450 21126
38806 -76057
16083 25679
21079 -84900
-70841 74672
30257 29106
-5648 -65633
-4862 -9247
-51603 -41112
19960 61857
52589 20837
87971 -75982
-91273 -46027
7972 36828
-35651 -50353
-75669 47264
-84531 56910
-21386 -70705
-96056 59571
-25828 14633
-5926 -24766
-4021 -39112
70851 8517
75321 -74674
60403 10489
45242 33054
-7134 -63474
-52013 -24985
-10063 11816
95989 -42486
-64091 -82976
59803 19810
-85933 15063
48609 -23234
76172 94262
12742 46274
87507 67313
-92335 40268
24074 6397
-60102 66913
-55729 85838
76180 -19575
-51998 -76747
-34899 17676
-90882 -27222
66154 76333
-62892 -32631
-2290 -16011
-11654 34086
-51510 48559
49115 4370
-66188 99676
-27806 84569
-32358 -64698
82929 23899
17720 -12821
-7740 54200
55832 74198
-31148 38707
84846 -94688
75766 26559
-76901 75118
-12274 -4280
1104 98471
-44906 -13034
-33171 -89907
2766 -34316
27442 -60280
-88509 -39839
40547 81789
70081 7467
32653 66557
29313 -64633
32565 53339
-4509 -63557
84114 66575
90149 -45499
39098 73326
37381 54172
-72842 -39503
-49031 -50858
13170 -83869
24794 93105
-41656 -31640
57191 -98379
62528 -78422
50034 42489
9157 58245
18963 -62874
-35609 -8785
3194 55320
-5806 -99338
-57351 -35242
38661 38371
-4239 -76795
-932 96807
-8805 51759
-82002 6894
-27227 -69644
-49959 89486
-46392 -60094
-53981 85668
41543 45308
13353 -6793
80761 -40539
-42952 -35652
-13925 92805
-31292 -67854
-26364 -42515
-59630 58725
58193 -89340
89835 -85012
-95040 -8458
-53904 81901
98556 89965
63069 96938
2752 -97389
46836 86660
33315 16848
-30179 -46199
43688 -86968
-58472 -50552
96947 -50529
-85528 41453
-24393 56369
5530 -43843
45800 9993
-69313 36550
70353 36189
66500 -37952
79495 -52919
-49008 57983
-89152 -19210
-75754 -75846
17769 -63409
44801 76966
-96600 76754
5959 -45702
-47227 -52993
-70831 -26467
-92775 86750
-58812 6670
74719 16879
6072 60108
59569 -33491
-60479 -10604
-15195 77365
-12924 18878
-19006 81065
73551 -58199
5397 -52502
-20286 -6121
26075 26640
86866 97813
-49233 -47004
5541 87644
66131 -61404
-70661 84311
-4462 -10273
26621 -9194
-40641 -59704
-70315 98473
-28140 98192
-36844 -66214
31425 14938
-7939 75949
-66167 -2299
87660 -7646
81343 20834
-15188 -48731
-64061 25178
-45190 41205
-74098 -94350
99878 -18177
99229 -18969
21662 47761
-40572 15001
-46570 -4196
53567 61105
96091 38509
32588 85257
-25228 -28220
-77644 -26747
88775 -32306
63115 81593
82280 -44530
95966 69511
-53859 -54545
24539 -68458
66052 87773
39081 -94977
93647 -78890
-81525 59040
-62446 85425
-89080 -44951
40463 62064
-5741 -69986
1542 35303
77353 30493
99411 77644
-26053 -41151
-22829 -98425
71644 -59321
49333 -94681
99732 -15658
-29715 1358
96719 34667
-42233 -34332
-79706 -88462
-38469 -57389
22389 43455
12875 26790
-56476 10648
87837 63183
82173 -45075
-19954 6726
-10916 89658
-13230 -29137
-85253 14624
-22384 -5826
-10582 79664
59114 -83312
-764 45595
88638 64529
-25711 -76057
790 -69311
-39308 -25156
-60383 -85324
-73102 99426
-82210 40347
-77965 39113
27808 -80523
-97680 47221
-70299 85843
91988 -36300
-51353 -69825
73654 99073
-80888 -45049
2700 -46929
69826 -87231
-45110 63536
-82944 34587
-30492 -9551
44709 -23270
42688 65269
-62236 -79628
-21076 20906
24874 -68779
26197 -25119
-42978 94007
-64330 -66776
63361 -75122
60707 39778
69259 76294
63786 -8487
11134 -20528
6132 95384
81119 90569
73287 -12134
-40541 -67344
67358 84054
24701 13829
10036 -64705
-74245 -97126
-67985 64567
71445 94333
40161 -96704
-51815 -62984
-28476 98562
-67537 -81499
-97326 19525
-1350 40179
74601 -12790
38188 -11718
-93229 21344
-34992 -16926
-64013 93709
-94172 47972
-47185 55215
-88576 -4721
53828 40122
-19920 96472
-9736 -13038
77428 -39128
-10191 -33632
15503 -43699
11048 92407
95134 14235
39493 -98968
-83443 -58954
68255 46234
28167 -73915
182 -59634
-99893 -75943
50384 -20195
-59331 66742
84849 87641
-30573 70400
-77833 -30012
-43019 -80863
14359 -14221
-28143 73011
33757 68582
44589 -59937
45735 5010
-75853 2361
55337 -51729
-31571 -78038
64224 -99788
14004 -69017
19638 -94203
36470 51058
-48991 8423
-70037 32013
89399 2368
-69449 31114
-34022 -53952
-67456 67219
-18003 1392
20756 33413
48475 88124
35801 83627
-24249 -75377
-87581 39197
89959 92024
-74021 72536
53628 10590
79009 -23312
63193 -83050
74552 -30839
69424 6333
-24730 94561
24096 88573
-13129 56955
-63114 23323
17979 -3358
-7268 84522
39722 24097
39971 -90550
-88977 9422
-85018 -15419
48770 -98977
-25081 33854
-47249 48934
-83028 -12280
35639 -76112
-30546 14272
34901 20774
56729 -58808
13045 14666
3791 -55498
-3012 -27781
-53022 12850
52640 -41734
6482 -67184
-94233 -69008
-2470 -11465
-28549 -29659
-63679 88747
54577 91117
-46975 49728
39243 -83795
37786 91306
48747 41758
-75964 -69254
48238 31082
-61201 -86988
69131 -2511
-61884 -36750
21887 -80534
15306 23766
84166 31815
-75116 -53735
-77336 -44531
-70477 -25846
13233 85784
-75194 1557
-91533 80922
72307 46441
-97316 80441
-45373 12537
52154 -1000
-2368 -75391
-10059 -56973
-34362 87339
97691 78425
44668 48677
-8274 -64059
7279 53804
-60549 -38196
41085 87459
-27860 -72343
14988 -92452
-51690 -84068
-65025 -15263
-36234 64307
-51247 81763
-6917 -94779
42515 2600
15051 -18002
84493 16056
59942 80131
69441 69513
73672 -88666
-91451 -7093
-75126 83838
37882 -95327
-80634 -13305
-77749 -15044
14100 -16531
-31737 -57477
30232 -51970
6284 76036
58664 -91436
-89834 24139
30211 18317
86738 83956
-10215 49935
-25467 -86841
-74982 94353
31408 4568
-48750 -29432
-17486 85103
10521 -83125
1361 29948
42977 -57113
-50148 17109
-42688 -20350
-94099 -89393
26802 -41075
-48532 59762
-40802 -31419
-51618 69914
68623 37684
-23911 -91734
38905 -62763
-72932 56800
47699 -21904
27150 -12185
-8352 64093
50857 38404
13415 -59073
-87685 -33243
-80322 23401
25587 39451
65183 93176
-75497 79130
5676 -89554
91455 61686
92153 64191
-31933 -62633
-9060 33077
-10647 93300
50695 -2017
-57774 -23774
-75414 97128
-5508 93338
-60630 -67600
-4539 89512
-22894 99732
-284 -95005
-14418 36729
-89793 10024
32545 7345
50738 -34987
539 53991
-66942 81298
-82173 49020
-8069 58885
80248 11238
32482 28211
-9831 -90167
78648 -82297
96632 -70300
55519 -97124
-3240 33152
-36359 49998
49177 72517
-62092 29762
1465 60519
-48476 -30624
45528 86294
55746 -67862
-1453 96347
27507 -25792
-94632 -94133
-56551 -10500
-33747 -19525
95557 58300
53329 -79330
25262 37028
-94167 -82133
1803 -87598
-54537 -12472
2458 -433
6241 -51802
4349 -96980
-80682 5320
44364 -24802
96581 -38266
-12389 -59750
14273 -71937
-84960 -73185
-45715 43109
-16567 -74947
-93369 -20745
-79300 -96066
-44807 85287
76104 -27491
-65199 65645
-14159 22615
-54600 52147
50885 69937
-9050 -4268
-12394 69707
33772 3961
35584 11435
-55353 9635
-22316 23927
-30623 -74147
-60973 -67551
28020 -40874
-65172 -17893
89623 -93645
-7819 -31293
-83843 -12258
69226 90493
-9357 -37872
79133 22910
32871 -97746
13199 52319
25516 95650
-51703 -48238
25875 11302
5675 87162
-74093 42246
49408 68587
85510 -50196
54090 -39615
51175 31838
23196 78010
-16749 36775
-39241 50307
-62945 -79407
-17528 18226
56128 53733
-79047 -62785
38465 -83146
-23385 22342
34971 -42293
45285 -66878
-75715 48421
6177 62533
-84783 30234
-7205 -17981
-40946 80684
66965 29320
40132 67598
-8173 -25220
-81797 95779
-74580 39176
-41548 -91152
18566 -17335
25839 -95693
17046 12808
89162 -79451
18893 -15257
81332 32514
2409 -43467
-19606 -45862
64467 9235
30011 99924
-15451 -63025
92545 -32431
89929 74497
-46826 -10574
22357 10493
8812 -20636
-58638 7705
95666 87383
-50883 -94200
21903 -10578
52142 -12410
-72420 -71427
-83502 -73600
-67634 -10119
-46394 -16757
-94963 -11409
46844 38811
-57254 -35620
80991 13723
26478 -96735
47501 42012
-5803 11193
-76683 59286
61658 25827
-30107 -52419
71737 -46276
55157 -27369
73997 -69137
67965 50270
-66189 -20814
-22482 2128
-65424 73130
-15430 -32857
31631 -63710
-77952 -90865
-38427 -81397
39397 53290
-33474 -29532
30272 45362
-27149 -31927
10144 49687
24911 98630
79426 -86786
63301 45935
-30226 48959
-74208 37814
26434 8059
-15880 -10759
29728 98459
-55550 45383
-99504 -37438
30501 72609
-47229 -13517
72398 56325
-59988 52627
-69909 13432
-99322 93083
24251 90818
-27791 -38219
23523 -95547
6860 33022
49847 -89849
54382 -29051
-15379 -57637
-766 -27782
51911 -93892
66344 -11615
61565 33809
-32730 -66729
52687 -54002
-29339 30453
-77412 18587
41980 97549
-568 -41554
-54411 15872
64496 98837
-22518 -71711
-45929 -270
-89444 -16644
-57033 55985
55759 -31349
-99841 1826
-27790 26466
-99726 -66823
-24030 -85955
-28075 -170
-49892 96425
45774 93945
72530 -30144
93636 -57089
77083 11376
7945 -1897
78910 -3593
-65736 -29467
30710 51742
32308 33241
44623 27522
10413 -95647
29142 90002
-70984 48529
-73280 98820
-11308 26932
69542 -40125
77851 -18215
82709 -50540
10512 -10982
84144 -30723
-93854 959
53298 42639
-39591 75792
-1946 -3844
48463 25606
26873 -52051
-46774 5792
27897 8773
45402 1659
-1750 9384
-783 20592
92991 39575
-10068 11230
-401 -66500
79376 3197
-20425 -52811
-43972 13872
31410 24264
-34806 68659
-28596 -69777
-73699 36809
-4325 33138
35837 -89846
35430 27880
10283 70329
-48429 -63960
-65337 90835
56192 99006
70639 -17080
55500 -34013
53337 -43835
-31938 64974
-34538 -19797
30877 -59310
-28243 -9729
39667 -3577
-58060 -25892
-25067 -73312
94452 8013
-98341 11938
-59289 -97231
57144 4953
6042 -9094
-69607 -17368
-46040 -12737
80789 82735
6697 -16948
28845 74899
-34726 31883
95707 -38775
63438 -15198
-96176 -39403
-8031 37364
-77148 67111
58435 -65241
39114 -19329
14957 -59432
-3006 -92090
-66974 -7632
-60563 -53698
18515 -81176
-97507 -59220
2288 -14851
-23571 8677
84282 51208
33998 65273
74210 -2255
62211 87775
61823 -51412
-75165 33155
32439 -89519
-21821 -63522
50576 -29188
-9060 90680
-98913 -24977
29468 -8328
29701 -83003
-92353 -12238
-74463 -76238
-18513 40647
64489 42694
-64295 -34774
80206 75344
27882 -17663
14540 18351
-87763 -52969
60236 76452
68548 -75205
42725 -82861
91049 97244
-11962 -48291
-66533 -77755
-30156 84514
61195 -24858
-63564 53082
94972 -95488
44907 -92440
28595 -92476
-68127 59350
27264 -27458
95302 94416
67251 -80814
-14657 15211
13794 22987
43334 39580
19675 63140
23563 45830
37886 15835
28677 13931
17443 -36809
-72168 66555
39878 93033
-28953 98702
88120 -53694
-69687 82589
50843 42354
-91112 -15365
73427 90815
73762 -98374
-10278 -74624
84522 -72709
-41293 -60828
-68894 88659
-169 83702
-79687 -54385
-28051 -98164
-15083 85550
87430 91523
-26544 12787
-83931 -55226
-74410 -6473
-77793 -18133
91386 -18863
48350 14194
11321 -99250
-50914 53699
-20633 -34352
-38249 -20006
77823 45341
48895 80856
-27575 18192
90068 -99212
9588 21533
-65726 -79072
86520 -68506
2490 -35258
38761 -88244
40449 -42182
78347 54685
80138 -64343
-75623 -49835
-64733 -71526
54081 -34931
-31157 -81125
-37344 -37530
54317 3606
65026 -63696
-63955 15307
39873 31544
60229 91181
-66764 -68499
-1693 25370
-37708 -13830
-68704 48552
-6672 96325
64188 43113
-11116 30135
67354 48581
-76704 -27880
90754 81105
27120 53192
11264 20825
82297 -46273
21752 -59720
-4159 26613
25369 44875
-64989 -95554
35535 -23114
7459 -94854
64878 79877
-72654 76016
69481 60845
33206 -87714
76205 21943
-48665 19468
21233 69490
-57882 -3938
-67754 59551
-5695 -35055
74552 10384
-82050 78007
65525 -23442
-86434 92165
-16688 54856
7401 -84358
-9318 61875
7202 27985
-36274 91082
-20602 -27236
-74057 66785
50634 61101
-3676 -49526
-24494 -48534
69844 16023
92843 -23360
-10172 3035
-13694 23009
-34602 -75651
-78197 50147
-81930 -18965
11920 -50093
-85071 94873
71796 -52211
-98340 71908
-22958 30820
83233 51690
54200 -156
-12004 -10365
-21779 -88475
-25462 -73173
544 -58795
77718 84902
-75912 -21386
65103 81395
73171 -83677
20893 -57124
-46977 -20640
-47317 -69221
-49243 -37081
89809 74577
67547 28909
-82316 -49912
24194 36751
-35071 10581
88871 -28461
83460 -97724
-39790 67123
28863 -74358
32879 -43422
62601 12081
91825 47754
15509 -84816
-94906 75096
89031 12197
84482 98406
-76770 -17256
41787 85975
4195 51637
34470 10307
50353 -52455
47028 38725
-60426 -86484
-99195 19698
-85405 -18378
51547 -38591
-45663 -40711
-9389 -2876
27862 84529
87060 62905
21061 -83165
63815 38710
3702 -82319
48003 -87149
-67081 51942
-4594 26877
-64865 73316
-33820 37134
28455 -41937
-62032 81096
-18775 14631
-93333 -44488
73180 19549
-23747 59606
-64837 56526
-58435 -24612
-79774 77153
19881 -83743
96673 -85309
-11570 65763
2340 97051
-24469 32478
66586 -60166
-66570 -46133
69977 -62458
20192 -1839
-1607 -22727
32124 97524
92317 79781
65235 -83736
61653 -31242
65329 41504
-9732 56811
-798 26446
80515 64138
35510 31326
-75627 -73028
39029 84387
-25489 50378
-99183 4306
73221 36118
-25320 -58023
61646 98232
90523 76717
41326 -55431
-61346 68413
39820 -87439
-51826 -14526
-67946 49294
-96599 -7256
-7951 -82828
55429 -4198
-80689 96700
-74839 -75520
40294 16550
-48594 32423
-44131 88271
-1500 -87465
16967 93961
-24143 98223
18738 78988
18535 -11594
53888 61661
41772 -23117
35842 99063
-3520 88526
34776 2742
-45643 -26486
-10365 54180
-52523 -39593
-70798 91481
97258 -90971
75536 91189
-44529 -91283
-49384 85425
64327 17559
63229 -89019
-24297 -39244
39176 -10039
43962 -37070
-53386 -95623
72566 35555
62340 9658
-1289 77565
-22648 -18561
-41965 57547
38422 57137
-13149 93480
96559 81102
75176 -25730
85031 73299
30578 -6104
-45622 -30086
8639 -17755
-75406 -61865
67815 -68390
47324 44133
-17075 -42837
96124 -25753
89699 8148
11743 12149
-52945 -32244
-65249 28893
-52632 96165
-50415 78640
43199 41128
32793 -66120
-21244 73824
79479 -42431
-10586 36799
1720 38056
31355 -71572
-61881 83252
88280 48749
-3665 79565
30946 -31751
-23734 16354
65678 -66891
93142 35710
-13231 -42637
48574 24651
22468 -94853
-1415 -44264
-49258 -50762
-47291 -98733
38002 -36151
-52674 -64640
-57562 -47024
-74700 42678
-95274 11640
-28414 -40792
12243 -66319
-83149 -12765
87260 -18777
-22376 79548
-46204 11752
58462 70022
-29459 -80633
-46421 -81282
69570 31032
-74376 10466
94750 1476
-25393 -13513
13533 71110
51742 36528
88573 69562
-92740 89181
64084 -1757
-55979 95806
24298 -89066
-32643 86638
-25466 -67337
45503 -15940
26827 -74684
63701 27226
-80704 -55125
-96855 38201
-72774 59973
-9704 21665
31513 -94460
88823 -38485
-35383 -56820
31768 -33089
-19817 -90351
-98079 -5546
-64721 -88721
-26480 20879
8350 74029
29333 -77737
-40940 35938
-60703 39550
-29345 -71136
76972 -63495
61738 -99329
58733 -88505
80210 -55048
65772 -67130
-2560 62940
-85454 -79696
74414 23662
-75175 52896
98649 37752
-99207 -745
-67539 78803
55697 -82152
88784 77720
28171 -39512
-68164 -77700
-35889 96744
-6223 64621
48724 -32107
46876 48949
-56737 -57559
-47791 77705
64072 -42651
54383 60386
-62334 20452
33107 -18118
-56799 -65186
39944 -44579
-1892 -26071
75024 -90250
-53134 -69069
60886 24994
42875 13050
11244 -35581
-57899 -84840
78135 -84401
-74149 25289
96890 -80565
-37453 88064
-36583 93014
-96085 5507
80476 -76244
-6146 14548
-41177 13462
22043 63143
94508 -97867
-11185 -86171
75053 -39399
-88108 -16182
83035 72595
23901 -34000
-48034 -69229
-48546 -81665
34453 17448
62823 63306
56810 69145
2456 52360
-31636 -76696
73435 -19880
-42442 -46394
-21533 -6412
14229 -95586
-19935 -69226
65932 126
18385 62963
-1933 99594
-24324 -67016
80264 28636
-89210 33432
-66598 -89667
38044 28233
-3171 -63429
-33914 -42415
69038 41648
-8013 -73789
-70848 -90999
24842 4570
48530 25950
-71835 -35907
-1302 64376
-41329 24911
-46781 -9415
30552 71719
66287 58306
22224 25228
-5658 -36684
-45856 95724
-3169 1206
86778 -20416
22380 -86720
-40053 85526
34686 -5512
52246 61617
-49702 620
-38902 94833
39876 70017
41946 -50036
-80818 64013
-69634 13112
35928 -68435
-30348 82024
-61682 -16803
-6357 -14013
-28523 -14806
-37988 3035
10749 -48790
-22745 60188
-63883 79742
60253 -24122
-91766 -55632
-98690 -56179
54599 26267
-99064 5465
-1236 -91407
-90330 -23642
64925 -679
63749 44453
27621 48902
-14450 -50725
37916 58566
-8916 -58402
-6199 -33816
-67108 -65133
64394 93758
84937 -60615
64695 -36536
-38565 37103
-97605 -43987
99331 -39110
637 31753
16332 -45825
-54447 52302
74663 -9753
63201 98411
83995 -96280
78299 -87764
85756 -18990
5277 51283
-44699 47086
-26158 -49093
-51909 -23782
26318 35631
-20933 10281
35569 -83809
63265 49251
-24453 6649
92081 98748
-6137 77852
-72765 5938
-75939 -30190
-67233 -23637
-91058 54676
85907 -4926
-29041 38967
-94548 -59142
-75623 45128
-97873 -73458
-91507 71976
82091 94265
-91511 -1342
-38250 -10486
-75321 32064
64504 -94410
97264 -56265
86611 40710
18745 66353
-47410 40349
-15380 -93809
94783 -98550
5077 -58762
42921 -9158
-86664 -10950
-5578 20016
-73759 68412
-15623 -65100
-36797 -85750
-95137 -67703
-21647 94053
56531 -95878
82568 -74328
-87094 24236
24482 43752
22032 92767
-16638 97314
-2399 81916
-8204 79901
-46750 35005
-66803 63594
-43265 -46327
-86098 -23050
-92774 -83201
-27013 86827
-14223 74701
-44490 -1506
95075 -35484
25374 -34625
15133 -93689
-84000 -68475
-72732 71969
86223 29612
-23983 -83272
951 86529
-23673 85740
92682 85215
-14528 -35908
6522 -64036
18594 -59266
-63507 -82563
-77438 -61042
-94456 16949
-42111 79809
-34334 57149
-38341 -17409
-45777 -40290
-95495 -9484
-49330 40843
-12839 72637
-78699 -35910
-71937 60521
-89982 65325
37925 17960
28886 -87248
35020 70603
-73003 14603
-81064 58514
-56311 86473
-55996 57178
-12213 40110
-38085 -10008
-16845 -84116
-9467 10212
41208 52187
-19597 50358
-63073 -1155
68966 91204
23291 8632
-92370 3833
77994 33491
31229 67965
-72203 -10667
-5732 62935
26507 43429
65794 99359
-75225 -81776
-15387 -61936
-88848 28749
-82317 -52413
63982 -31071
-14893 73207
66204 -38392
-71746 70146
-68951 -96484
-12214 83993
55537 -49942
-25743 -28344
21135 -37590
-4341 -89984
-22511 -56512
-62159 95134
39238 -44522
6384 32687
20898 -3493
57285 36718
-82739 85576
44279 30026
-75539 -95322
84285 75734
-40582 7990
-3707 79983
-99695 20504
82378 -11069
-63661 -63768
-81393 33522
90555 -53001
41435 28387
-55261 -80137
40663 -88931
-37676 27623
-48910 62252
57072 52119
-62840 22735
24060 -94304
-64385 -71578
31690 86437
-71872 -96976
-93945 -41071
-60278 22156
82787 -52211
-24156 -70164
-18358 -66186
37609 37662
35726 -54291
44877 16752
74143 -94498
-51986 -7828
-2615 -45933
-87331 86001
35871 1790
46882 884
70317 -91437
90445 59444
-4023 -81039
69432 -58165
23369 63932
-38306 -32449
-50101 -75640
-95634 -40744
83403 -5965
-178 16373
-56506 -29620
-48237 -82777
-14529 -69393
61333 -15908
-35012 20412
99462 52492
-31121 74587
-13999 -56812
-69960 36184
-82570 63391
-72733 -70933
20162 -76568
21702 99454
2240 -56721
99825 -12524
-42415 -69548
82620 -43370
-74583 -78578
-37458 -49792
66862 -40920
67059 97783
50408 97578
-21047 37244
-94474 59462
-38627 -15463
-73790 -18378
86554 34647
26909 94523
-92993 11931
-92114 -98595
-31764 -11687
-61121 55262
-61940 79685
15815 -92815
-56447 -29376
51108 79028
32227 69930
93496 47024
31301 54191
-50560 -51847
-15762 95687
-41522 -25804
-14292 -94613
-49012 58100
49676 2139
89026 75994
-804 21878
70168 75783
91935 -61431
16730 8037
38844 -32438
-22624 -18868
1812 -15626
8635 56837
88508 76844
-80568 -12206
-99975 48128
-89623 6736
-44787 91958
85472 56909
-37444 -66333
-35262 87323
87500 58380
19637 70687
99613 -30773
-88391 -10185
-47524 -67177
-58705 26948
22127 -39697
-57201 15117
-56472 -84631
-69322 34548
75788 -95061
-6875 58005
74476 -95587
81649 -20510
-57469 82449
97007 -35875
-54940 -13288
-5727 38809
74476 -69688
54171 6010
89876 -58154
95233 -33144
48270 34474
87876 39575
24276 81089
90084 -43227
83042 48685
72920 -10607
-7242 30588
20043 90042
49078 -71160
2173 -798
12711 68471
52017 51065
56429 -70228
19698 13123
26313 -24859
-24324 49796
60219 91822
-68534 2052
22621 -66604
-11369 -10646
26928 -49997
40923 56064
-85406 7404
64643 -90199
342 44746
-29464 42351
89055 -8547
84112 -80363
-87451 -3167
71937 53048
67996 57427
-99553 62620
-6931 -38269
-29292 -85985
-35975 35929
-44123 -7508
98920 -98673
-49025 68100
-45114 51727
11497 97260
-36493 70529
17403 -87902
-4984 -22128
-72062 -28645
88687 -29035
-167 82433
93648 -4231
-11542 46619
-81542 -98798
-54491 -76980
-89955 -5995
-41344 -68370
31906 51708
-47005 -33690
-17738 -66792
71208 965
-21985 -98019
-77402 9973
-79046 -27372
-6724 1793
42426 -12863
50111 -22888
-76861 276
-82020 -44366
-56056 34639
-32666 77003
-7782 -81567
-66768 -98059
36556 -39893
55277 -69251
-18850 -54185
58243 -87616
-20231 -19121
-13418 -40589
-14340 -35091
-80874 82884
39326 -90494
94280 75699
-90536 -12297
-25070 50160
-50998 65875
15961 -47805
-56981 -57923
49274 -93723
26698 -606
61922 -56628
79573 -63942
98270 60854
-94599 16000
-72727 -59823
29531 -206
-10787 -742
49691 -84682
-57191 40562
25432 -13700
34602 33007
74051 84742
86381 -30432
-65910 60745
66670 97938
3006 -65721
-6028 -88232
68025 54294
38 82453
53901 33845
43722 62983
-60308 22313
-80548 29429
93676 91306
20630 -30527
98384 -79206
87765 -49087
-32836 -22844
-73551 69427
-87776 -67114
88272 92960
96814 -26734
-81876 -82447
-16229 -12169
-83557 -89938
-69850 76595
83954 -85988
-45953 -40659
57374 47761
-94364 29178
18222 -13867
-81775 -4224
44761 -54034
50055 48850
32124 -10173
-25185 -66686
7792 61067
13151 -45936
8579 -41952
51962 16203
69818 -26752
22877 -54834
-8327 61527
-17351 -84513
-93427 -12560
60040 4853
-45976 30151
-13818 17486
85681 -18743
11965 81176
4623 -54786
-37930 60574
-6831 78426
-90273 -69424
4404 -11085
-17927 -9415
84181 -80834
-3954 27917
-60409 53686
25831 31628
-89980 -79823
-99692 99068
31634 73567
11525 81604
30025 39098
23614 25777
46383 34876
-20323 -27934
90531 -10811
-88137 -98622
95892 17800
32397 -84881
-19738 -93661
55214 -60448
45045 -40446
35978 65133
-1361 -41321
62800 -91637
-27979 -34773
-52649 -65132
-47017 36065
68553 -43714
-94110 83310
79111 -98133
25042 70079
76976 -38521
-37779 -81690
68601 74461
46280 -64751
5515 10611
60134 -12992
-12467 59981
39174 49504
79361 36812
-72797 41666
95635 96523
-32104 47274
-47790 -17053
93242 -27642
-17091 -34626
-14042 29873
26512 35055
1092 67681
-52883 24607
-56725 -2558
-49123 73121
42319 -70745
-10301 65239
32386 98892
-93905 71958
65583 -76520
30821 -25132
5028 -15364
71478 -50673
-96990 -7158
-40643 83916
50631 -12619
-12234 -14657
46265 85905
91845 45187
89507 66467
-46533 31302
23171 -26795
87743 -32740
-13320 87436
97881 -83437
60273 27612
-84173 -86387
-56298 89139
-9109 22426
21551 -48362
66998 -61691
58028 -30569
62070 37147
-75082 12040
-68049 23148
3109 91921
16153 75012
69952 -92134
-15001 36390
-39152 6216
43298 -80800
-41853 -4418
93957 -39791
74032 69228
62711 -6602
-24713 -96467
-12925 98885
3942 86970
89295 -92881
70378 -22988
56814 51392
-80236 -72006
9990 -25692
-13683 -99739
-18987 -50451
-82802 -83096
-63311 19507
-8926 9807
85110 -19243
92343 -252
69803 -15230
76988 -77808
-89172 -23283
63222 -82025
54487 -86160
-74041 -18621
38999 67343
-63790 54789
-57276 54726
-23164 -96301
-78125 83704
-24863 12943
-18915 -38818
94142 -36238
-2159 21212
56021 1521
-29336 -64441
-90983 -86641
16383 18377
-58817 95031
63753 -35642
37440 -90814
-16327 80322
-61790 97530
20866 -39807
75070 10547
51409 -82717
-95355 29257
-49660 -93816
66061 -14645
-84582 96041
-65333 69166
23819 -46081
-34447 -75721
42659 -21442
-92567 33749
86092 38473
90165 98149
-17005 -76692
20744 80232
-48568 -74528
83950 93641
-8828 80825
-69647 -20949
27435 12110
-39258 -27520
-97790 42504
-83212 -32770
659 41776
-126 38061
18325 -45243
-44790 -74456
47555 -56324
-14303 49091
-31543 -93258
66388 30777
-51613 -15430
-28389 -82675
-17539 -36662
-35290 2589
27398 -55150
24878 -86532
-51899 34724
-59365 -31719
-78288 -63167
4591 20017
-92362 93287
64187 -57179
-35582 -77176
-35320 98960
51131 82747
66681 19907
-76754 -33755
56339 74722
-23948 55318
-49618 68252
-90755 -88267
82841 -18919
-14615 52509
90792 41697
-66923 -39720
-94530 -73725
-79146 -96557
-37169 59530
-62556 63184
24488 -23313
-54020 46130
-75038 13931
53800 7932
82345 35098
-3292 -51754
-76774 79175
-49387 -49704
56563 -41705
-38391 -64850
-54339 52299
44491 -900
38259 -34035
-56460 -64965
-66617 -192
14190 29493
-81630 80134
59184 78420
-66209 -53779
-63720 12016
-9734 39319
74975 -94590
-65581 -65724
-39812 -43765
-36478 24264
-78654 -40101
9060 -73009
63721 37871
17605 -82405
79840 24294
85054 44293
-1621 -12184
-42634 -8087
46806 98756
44668 67049
-51413 -53017
81342 85970
70536 -21150
20098 -59682
72586 -96854
-39505 -94057
28774 -69685
65574 -59056
-11188 -45397
32136 69761
-60232 -98849
-86578 99702
49649 73204
-9372 -77796
4183 29741
69983 84300
-27423 -41906
-61605 -7217
-58914 -60950
-93127 76039
-95135 -33385
86713 -16362
-18692 -74048
73155 15726
-19160 -28385
34651 -62883
-77752 98748
-99632 -95886
-98555 -53983
29601 28970
39285 -78179
-83713 -2768
63279 99555
-49009 6586
-59135 61649
-39851 3343
-10622 10802
96785 -71918
-96070 -58022
-91419 22268
-33235 11928
-57768 83721
-52820 -88916
23846 14755
-5816 42155
-54739 89337
56700 22508
59179 -49227
97657 85237
-63749 5866
-6297 62161
-43681 84257
57985 -12307
-79134 52403
-31872 89443
-819 -25122
38287 -22896
-82215 -8172
39445 -99759
-46238 61190
-17358 7735
45705 -67865
-2461 65129
-50761 13055
33060 -41437
80471 -54818
-90306 33636
-83142 92665
-52081 -72452
72050 -96028
20622 -29382
-60484 51310
-35809 -92729
-67988 15150
54620 26841
49574 13726
-86520 -96248
67725 2870
-96655 -72237
-31863 -71306
94456 -77811
49977 -2931
-96163 -50592
67921 -31746
6393 -17681
16219 -37366
-64250 71368
86778 84893
-71616 6128
-40127 -64841
74327 -82954
-77278 42586
-15801 -57447
-32786 42238
21583 -13097
10635 62150
34913 -11831
-90506 -93339
23178 99841
99516 -3522
66755 -62665
22322 -66929
-11545 -62266
-80835 -39957
-30062 53914
72917 -78268
-31750 32191
66821 -36234
48853 58545
-86305 33528
-93802 -18824
37376 -79908
-16793 95018
91533 8227
-92660 34523
-22087 36681
-87560 62066
39694 60896
-80462 87367
42976 64344
-6572 1789
-44229 -16719
63897 28610
65772 17477
3864 27675
84305 40746
69901 96086
16189 -55243
-79000 -4020
13632 -75097
-59380 41249
45847 -49878
-20169 54854
70442 -4546
-65770 19675
53471 -75716
69478 -55872
95609 82615
-74904 -89239
33680 -43737
28298 49066
-43598 -38247
-35164 98110
41335 -45795
83622 -28575
-88077 94133
39306 -64067
-38740 5093
40429 35640
-30404 18563
84042 85076
-237 57958
86025 -17903
86836 -89587
-81364 57584
18454 -46538
-48025 42149
-3781 -37118
89685 38091
1033 7015
22330 19476
29675 -94732
91234 78937
-77494 -26342
-92594 -739
-85841 -64209
-41606 -62434
5691 -40680
63402 9163
-90581 -74658
23787 -54175
69292 70539
-65281 54978
33325 49855
82676 5724
59833 59307
82426 -31173
84225 -51698
-95593 -66847
89776 10586
49966 62936
5659 -27479
63333 -35906
-7853 -64428
-30890 6958
97397 -9446
-74490 -2137
-75719 30339
5248 -10642
-23062 -77348
-78804 -50083
-65218 -72432
87742 -20454
-24568 70740
-61304 -73540
7175 -47184
-68826 -48427
6068 5844
39827 -7476
-32815 9956
-30571 40786
-18589 76998
-85692 58068
-35504 -45918
39007 -9720
5320 37950
43645 9049
-34203 14171
-52547 39380
90799 -32769
-58569 -140
-19369 68822
26570 -3343
92147 -37571
-29033 9009
-35088 -4733
-49064 -61978
-86346 -93206
93033 -1825
5653 -96185
24877 80203
62491 -69501
86304 -32136
26265 2368
1662 -69042
1987 -36987
-29434 -12447
-11809 -87890
-64537 21113
3718 23329
72803 -90551
54790 -45472
-15456 -72859
-37889 67832
-79622 3927
41974 -93647
-83726 -63314
94559 -55404
-82875 7290
98747 81252
-37192 52209
-3878 92248
74546 -19920
-70719 -12944
-28791 95101
-96696 -85581
17189 63000
668 66095
80236 89933
-36523 40762
20821 -95233
-5482 2183
-62666 -73882
20915 63729
72278 -23381
-57618 -9405
11837 36409
-14511 -9659
-49940 -11403
-67729 -3467
-30403 14792
-25346 57209
86615 -93105
82192 -14497
97417 61869
-12539 49471
-39988 -28242
47954 89753
-71491 60600
-3975 99520
75897 -2203
3355 60582
-15939 -16820
68103 8262
46579 -15372
-55294 90091
9145 41822
-44727 14850
-89318 -69590
71938 52925
-5652 -7629
15723 -31212
-70262 -1612
-34417 -92774
-14560 70391
82531 -75906
-87186 80423
22305 73438
23595 28092
-42877 95163
-635 -8354
16387 50486
75602 40835
17268 87605
-92927 -57786
85629 10823
7130 61992
-62900 68925
40564 -7104
88961 -63087
9457 66663
89548 -84706
-70569 19641
71301 44757
35789 -6851
12819 5282
27355 3425
-49430 -74078
-36128 36525
-6990 12963
26691 -48449
16864 11905
43412 10736
-50984 47665
-28287 -49335
-7547 -57545
-67006 -80838
59624 34779
-22260 7692
61346 98389
-95370 -2044
95984 9256
38744 25641
44533 -92187
-86882 -37966
-22615 -70654
16721 70877
20128 42460
-55178 99530
79165 45036
95401 -49122
69453 20474
-6480 2724
-89426 -19112
89224 83832
81593 9191
-61013 -6329
-83639 -92796
35104 -12516
62057 -74988
-192 92803
-31299 19011
-18813 99449
-80164 -19424
-82095 76265
-56754 -63385
-16957 61329
-49721 -30922
-2747 -60366
-32329 -73429
42891 -5212
-61723 -84879
40773 3870
-11969 -32995
99502 -27694
97622 -3209
-91624 -75461
48012 -23616
15138 79280
-21003 60572
-66578 -27873
92743 61963
17316 -55402
50240 -46969
-92090 69765
66142 67005
-58781 -10866
746 49878
-39127 -20009
-80056 -99670
44740 53383
32780 9474
-24626 51059
67655 -76545
7007 -38317
47863 -75807
-26142 51234
3733 52027
-22928 -52419
-90227 56041
21506 57141
-71926 -91635
49638 8508
88416 65076
23901 96848
-58770 56856
-76696 83493
-83099 54974
18270 60181
-52131 -16892
-92243 -93635
-72858 -85470
24166 87432
36504 12939
-17941 -84341
89576 42205
-57152 -52054
-96617 21285
-68357 -90258
78407 57943
64863 -24513
32828 99728
-99244 -79120
57897 82258
45588 -37648
80822 -29172
-11570 -41258
67627 -32355
9822 -10670
-96302 31089
13887 -8508
85340 -96449
-49641 -15295
86652 -38305
70405 17051
13810 -61031
50053 68950
22353 -92701
62410 -96398
-18692 -51560
20923 5843
98279 -55158
42404 62471
-44919 -68458
80707 -51731
41099 75326
-24763 -99711
72487 -73463
-1177 -83687
-33362 -31615
84092 -83563
45827 -29594
-32080 44317
89361 58819
-99462 67936
-19979 -94270
57012 -52251
-96316 -9861
-34276 -53245
-86012 -81074
2519 99016
-24006 -795
99023 -71153
-18634 90905
33834 -65006
-39080 39054
32614 -25073
-29283 24745
-34594 50859
87680 -59126
-87319 -38204
-8983 64776
-13150 79677
32303 -10267
-62706 54180
-95253 -39348
-6758 44768
18249 -89358
34321 -12741
-75594 64024
86555 37141
-81678 -10998
-77877 -91497
29360 -52149
-42828 -98280
29598 36571
-48787 -54741
-44245 33897
-12688 76611
72584 -38160
-35605 -31484
83618 89757
-5122 12828
-57604 98215
79677 57843
29054 -90335
51644 -8552
29180 98752
20639 51920
19835 -4677
-99293 97111
93308 65653
51143 -72899
-6733 97286
33107 -44234
-70253 21442
7505 6654
85443 -98587
70933 27127
-22222 -995
-14226 97810
-77159 -63814
-8815 62703
73947 -99254
-29331 -72303
5521 -53454
8335 48747
-48585 53537
-60987 49433
-8294 60650
75093 -81456
-49370 -334
46743 -99268
5896 54074
52956 -36074
-77853 43272
19519 89437
48394 64819
-44819 -34828
81888 -15196
-19967 -96735
-61950 -93657
29976 86406
22936 77248
-64204 -96317
-92394 -28260
-20055 -75801
65350 10830
52831 -73472
97187 -24353
27849 -29111
-64930 70814
-71616 -31999
18615 17557
39815 7530
73157 32238
2083 -90107
80219 17066
77333 27636
74992 -77496
89935 43263
10863 -87869
23718 46397
72329 61258
90589 -93414
-57552 -37128
-95530 37325
79202 9254
-83948 84630
-81993 54406
80394 24724
9849 73796
3372 11384
94593 89692
26993 -49223
6110 30788
-41643 -67499
68185 19849
-24346 -97900
13525 -72384
-28259 64371
73078 63680
33320 53799
-13431 49317
-82774 89256
14465 77216
-74043 -79704
-94896 86040
-56989 -26551
87319 -69327
-25562 -57989
-90033 -58689
90607 4864
-89705 -78511
-33664 -44740
99943 -79221
-77642 -59384
18950 -63095
29218 43694
-69293 -33130
-70966 -36650
27654 -10305
86186 38302
-4271 -42662
-81184 67810
-45132 -59419
95351 25321
-37267 97248
26940 -13615
84118 66252
8028 -26578
-18207 -19110
86678 -64666
35821 14649
12454 -70986
62491 74109
18228 -1365
25957 -75789
-15387 -78403
-75872 9020
87043 -21187
33165 -23528
56360 -60381
-24612 -4753
-83729 -84909
55515 3604
-17877 -47380
-41355 21038
93613 23759
41278 -6859
27442 -6142
-71693 -22944
26687 -29102
25589 35934
33119 94279
-13611 -91387
58857 23347
4474 -21607
10237 60873
-88900 -99640
13802 -33184
-63492 -61335
-86661 -33962
-53216 19615
-54938 -35770
5671 -74776
-4912 80785
50123 -4857
58536 27064
97807 -84313
68028 46464
25125 -10490
34085 35034
-37672 47418
-82874 57439
-3466 67462
-3479 98784
-92842 76981
24406 -36747
40371 -86444
-25015 5581
30993 41684
56613 -2363
-19871 -53651
-43145 74940
92860 69258
25125 17638
-35143 38385
96166 35903
-96503 -62912
93628 -46709
-64345 43501
17052 31272
-66010 40397
-27195 -48654
-58718 41073
-30816 57278
-11504 86044
-71194 47820
94629 -69476
8736 13299
-78900 -93718
6378 -20989
21493 -18470
-58493 91362
-28800 46588
39457 62921
46105 -85272
35731 -51055
54805 46013
-34790 67070
-89863 10241
-1217 74029
-12082 96630
-98571 -11043
42360 -23145
-36458 63181
-57339 43310
37443 -59642
85244 78074
-7773 72628
31576 10183
-47559 -83307
99585 -1510
-4 -81021
-32545 64596
-41473 -57922
48583 33992
-96905 -51372
-34930 -29981
-75576 -15894
-53865 39575
37410 -48239
85315 -40863
42321 -63994
26354 42502
60693 56643
-36125 23386
82521 -37374
82536 -45925
57051 94047
-66849 -910
-24404 95521
91187 18498
22834 -80878
-36856 -83291
59181 -85491
59650 33969
-12411 -80293
-660 5209
78884 68723
-99144 12278
-74804 50908
-22754 38849
11293 57826
-71791 -58650
56711 -94635
-52915 -49197
40373 97004
44435 -62217
-97182 -99347
91644 -4793
-73598 -65333
-41278 54713
-58153 -85050
-31128 74678
83341 -70155
-55629 -7032
-54480 -50092
55904 -29672
-56650 -9240
-37648 90030
65800 33186
52815 89129
13069 -29774
-72299 44849
-76098 -79761
-33692 -14624
17523 84161
2511 -62099
87021 78780
96766 99012
-1535 19982
-74087 11436
-3448 12796
39175 62864
-88911 55580
95762 -12440
-19373 56823
-3369 82939
76304 -60310
74348 28918
-95122 67080
7950 -45751
-66439 41973
-29437 -55972
62059 19396
-44069 7124
5639 38477
-72190 8072
-98958 25427
-35965 61063
-59734 -90367
24527 86855
-62093 -95317
-31352 64265
-41442 26465
46109 67014
65278 59738
-67809 34870
-32463 76973
-35029 -82953
-76024 34588
-25043 95816
49210 -12826
20046 -65934
-25847 -56889
37158 65044
57837 -1763
-76138 45939
60240 -23600
13935 -56973
-74506 58768
-95470 -80
4730 6723
19237 12086
6045 -2719
-75063 75205
65530 -91002
-55935 58225
-79876 2310
-93496 -25170
77911 -87286
24540 78694
23678 81653
-89217 -9502
-20651 50752
89608 14722
-30844 70844
38061 53755
50303 89531
-38701 -45980
33356 39682
70416 71938
6798 26067
-27465 -8708
20822 22550
-46431 27221
51878 7647
35378 73945
84753 53128
-58798 89152
8074 -53664
81186 -92436
-62518 81514
-45268 88166
-72117 -25244
94270 70658
-19333 81514
-22 71330
-91075 -9524
1584 -55698
-32768 42354
694 76247
5994 -80095
80734 -98146
16885 94401
89050 65785
-76375 -6275
-78331 66323
-12831 -80112
44036 -12309
-58498 60702
12847 65848
27093 -20882
-34975 -93121
-12951 76579
-92718 89841
20214 -61650
-75602 -75590
72242 76186
-54052 -307
-96949 -26483
-9664 -70529
-67083 51224
-11260 -35430
59869 91102
35130 78434
45550 -15313
-80674 20386
-2721 -62183
-34940 1695
40022 91387
-54212 -68818
-25911 -56706
-71813 -93348
34295 52643
-40838 8909
-58994 -55116
-62695 36451
28784 -14167
-94767 -98488
95039 60601
19898 -80376
-16244 62681
95080 -76700
64175 -38675
55216 -86199
89835 -50466
-85 41776
61349 95686
-22825 -17257
-64091 -93390
34391 -30127
-39053 94489
62077 23095
86357 23217
23396 5066
10634 -89391
-16325 -82069
-47755 -73474
66036 59216
22875 -76987
-60852 40640
-1093 -85402
-84934 -38243
-20481 -13843
82879 30721
-59560 90748
45917 -62332
-89263 -71440
-97523 68514
-25872 53804
-47560 41123
9886 62622
72199 -24204
-24946 79536
-90226 30091
98876 -10814
-63639 11789
-80009 -38074
63336 73166
65654 16446
40026 2133
7605 49847
-8615 62892
-52746 -78073
-11933 59097
-37888 -13674
13332 -61140
-13808 -71224
-61836 -32514
-16229 -47659
-67821 -30066
-76421 11132
93371 -61350
-30385 57789
-98187 -24064
61752 -5675
77735 30970
6091 -86378
32653 -8924
21906 72074
30101 -8947
14419 33114
59766 -18715
93482 22385
-87306 28865
56664 38839
99020 -89563
-28472 -23917
-85580 44845
-2865 80838
-87046 -77585
5431 -96227
-18528 99830
-79858 -86949
-25325 57705
32518 79151
-52216 -94630
93560 -95105
27113 -55919
36241 -31011
-76168 40425
78348 -5640
79663 -79059
-15118 40958
-1589 -66160
33473 -3571
-71428 -11269
-16957 -20994
73112 -48114
-87586 11841
-20771 99553
-65882 39777
8746 64667
5203 -75481
88029 -24234
66027 47404
16475 88226
35128 -81391
-29506 -71368
-11272 95872
54755 -96987
47838 -60229
60383 -98954
-84896 -21645
-2325 -81393
-33500 -54923
-54447 -91915
99484 -49846
-33806 61680
32463 -10547
21930 84607
99509 -72606
16213 -83058
80438 42225
20154 67205
-2674 79932
-88651 -73814
-15304 -94128
35846 40275
-1777 78629
-33657 21489
38326 -69510
-83613 72584
32753 -15978
-16595 -41419
53800 -34579
45723 -73341
6864 76149
-23483 -92481
65525 73763
88296 65947
-62895 -27100
53771 -47042
-56875 39892
82619 86288
32080 -10985
56713 -48573
45923 -29421
-78192 59913
-46178 17064
39859 -4755
29328 75234
11325 74455
76664 33606
73696 -55053
5879 59080
32061 -84420
-20988 73520
-38798 -82425
47436 -70677
82928 29738
-69373 48567
-37125 -69829
18891 -50772
85937 92372
1033 73660
43526 -58920
-56227 78790
95985 -18504
-35941 -50600
32520 48149
92192 -54097
-57157 -25761
38898 1984
60177 -52423
88446 33634
43068 -48767
-76587 34329
-51508 -88510
-67920 -43481
6043 -5825
63083 -43194
13169 -90942
-88346 50964
59710 -49338
-24460 -59459
-68796 96955
-28734 -53866
62198 54204
78590 67677
97934 56797
52021 -34115
-73266 -62173
-55345 37915
6719 -85364
-63212 -5700
-84883 25342
51926 70886
26839 -92325
-68936 59666
90616 63304
48241 -82223
-51512 56223
83266 -10732
-27403 74445
38958 -52659
-4414 -53587
-77310 25945
87906 31922
-52783 80778
59790 61306
69369 -28637
-37647 -77002
8971 31889
38980 58348
-81560 -59535
-99890 -83501
-52395 -61186
74948 -48581
-74877 -9859
12106 -35820
-54229 -98991
-91129 -96148
68773 -45229
68951 34056
-71653 -97486
-65578 22307
94556 74292
75319 -65550
44762 44387
1123 36903
94226 -42537
-48375 30344
6889 21876
-38666 18881
-82329 31482
-86716 -99112
40893 -56196
76132 24123
42835 -19204
38950 -86728
-78774 9960
-19892 -95496
-2161 82699
-38695 -37790
-26138 -61044
88380 16701
-94421 -57472
-9743 83210
84662 42319
-88391 97832
55244 -32431
6509 91204
29742 67382
-34855 -22682
63021 -32651
57758 -33168
-16361 -94007
43560 -52878
-75526 32296
-21372 -12852
-95552 40737
35463 47001
10646 -71812
48689 -14685
-10412 92493
42662 -72035
-82592 -7239
-60575 -93544
4518 -33178
-32011 -43503
-16249 -90087
89983 -25183
-90261 16423
64640 -87724
-43826 -51786
21243 -81606
-73925 -77133
34750 -39743
-42250 -4510
23829 74969
-97493 -85006
78935 20740
-97793 -82124
-24943 -7456
-87036 -4586
74522 -45707
-68619 -54673
6733 70514
-10010 25588
90859 45249
96092 -46379
58330 65722
-62441 24500
93603 -41878
-73389 20224
-19816 -61218
-78595 70733
-29028 46615
-63287 -25639
-42718 -88758
-28938 -28357
-34712 -60962
-82854 99172
-6139 600
-85304 -2232
22790 -72813
47614 23056
-29167 87243
46483 66291
-51828 61786
-75479 -58037
-43591 49313
-56332 -42388
-94394 60065
11351 -21176
-56334 -17778
75244 50901
-86801 -33781
6375 16680
54791 71834
44298 19029
-49995 61081
-72898 -33447
-25912 340
53130 84165
66567 -10916
-59640 -84530
6302 -37867
62186 -5491
-64501 47091
90585 -4888
-13328 -31462
38996 -51532
22888 -7107
4653 3046
67959 -3333
19309 -78756
95529 -79996
-21366 -31026
-30257 -2649
-61632 43593
-67036 18821
16032 -99752
-9255 34859
-68759 37570
97051 -75086
56592 -67143
87116 -93985
62815 -71431
-46278 -25641
44218 -80305
67467 -54530
17530 -22945
744 7763
84578 37116
15500 40978
-72927 91051
80635 -23922
-51891 -93171
14929 -38993
67012 87209
-64265 46390
-98192 31303
16048 -58929
-76075 -32094
-53936 -40985
-28180 -74931
-4250 36995
63943 8840
26876 57526
56221 -90742
-39939 78684
-5996 -70639
41176 74605
-39239 -70227
-11367 90047
36181 24246
35714 95302
73493 -92505
23349 -84373
-79066 151
-59073 29105
96302 -18579
23408 -95660
84821 92323
-34787 4188
22162 -935
-68228 74892
63619 -90529
-78051 16693
-37544 -42479
86616 59540
-96822 -50728
77535 86232
13863 76022
80664 -62591
75074 13036
67015 54527
32409 15746
-69417 -71708
-12883 34915
51688 63266
95461 82039
-75360 74308
-55759 10129
44819 66926
-65393 91714
-39972 -71228
-68325 -10062
93197 -87213
-10258 47507
27760 -562
54366 -81317
32187 61200
-46225 -79554
57151 -99782
-63925 -72591
54540 -13146
-42523 -72639
-10175 -95738
-86408 -8636
-22221 -95676
-1128 19865
-96581 -25144
-58309 57959
-88550 31757
15432 -99962
-30519 -57086
90328 -35320
-53174 -31963
-61898 95314
93740 97250
-81672 -79773
-14473 41651
9627 -38602
61685 60487
90309 -97965
-56471 -38850
-30993 91950
40410 40248
-81258 53950
65126 56077
46159 68500
-97814 81102
65129 3047
-44742 -654
-36645 26424
16658 -88065
69462 50668
-10064 84663
-54701 -68145
-71582 -56607
24448 41874
81102 -8277
50571 -11531
-34318 95715
-52620 65550
28709 6070
-66138 55504
56302 35871
90926 89708
-83064 -88602
-66678 -48370
33333 -14637
91559 25514
80771 -67436
-90878 20968
-46516 35972
77098 75532
75187 92790
24323 2231
-87304 -87451
-83791 -96255
95225 23458
37728 -55389
-99842 -35380
-38421 38995
11377 -24864
74365 38964
75867 -28558
12922 25168
-57658 32506
-80183 39615
-44494 -44916
28241 9942
-75339 43540
-14027 10999
8319 47612
54093 41727
99029 30945
-46113 -73454
31861 -94566
-92344 21364
-17033 -89210
-62152 -51485
80426 -19006
-18397 76079
-56246 -63821
-57441 4380
28135 -5417
70425 -5882
-76649 20116
-54920 -31958
91102 75232
60392 -63830
-80495 79527
31965 97576
-35521 -3183
3241 -13618
30402 -11115
54525 -43167
-14404 -42417
-14291 24100
70146 15268
80008 -9546
-68934 -2193
43465 89540
-82529 98585
-19556 -56145
25184 37382
37642 55678
80037 -29882
35355 95419
-73700 43682
-12137 -85428
-36260 84940
-84985 27036
-81707 7809
-26037 27495
1445 -91968
-69986 -92450
95484 -17435
84246 53345
24127 -75930
46718 52190
12151 98635
53147 -21019
85079 -28937
80021 43386
78879 -4437
9739 85853
-10149 -96345
-96368 -11994
39045 14111
-30649 -28552
74278 -58116
41599 74123
-12118 44467
21778 -87223
59885 56903
-60731 -53958
37770 75905
-21529 -25113
45085 12041
-48203 76887
28279 48612
97699 -44984
-39887 -79629
-27886 -52449
5864 -98201
36686 -88187
-39765 -86672
-18108 -736
-67290 -42242
99689 -13300
-32509 99359
-92748 57830
44820 53992
-12775 49364
43861 20203
-27910 57957
93324 -92535
-52248 -46287
-54099 86903
15748 -65921
20156 64844
-23299 67045
18908 72307
55720 -36282
-30130 1595
85816 43802
-4773 52467
41247 -70020
14718 -85249
-83963 75120
-36506 -48739
-70237 -90727
84759 -21013
-71950 -65216
-16957 22445
16624 98711
58674 52358
8208 -34928
62448 -13437
21964 -76890
-112 96861
63956 -68163
76585 -66944
11592 4518
-50876 -13356
-36110 -87285
58271 58076
15236 -98188
-27172 54780
-51430 -15668
-29614 11345
-78154 -36045
-98266 -59241
-77306 -4738
11727 38429
96317 -23504
28578 60437
25779 39573
-38359 96716
-63270 81155
-82994 -49486
-21483 4908
58804 62598
2954 20036
-14839 99088
-192 19187
37658 -11331
-49368 13050
66850 40888
-10818 -35833
-54018 -91856
19522 16005
-38342 41232
64032 -70238
-34996 -94289
-35098 88530
91005 -20563
496 73182
-92947 60250
-39880 -94842
-95458 -68185
79362 66129
-61280 -73575
73092 43161
63855 44730
54586 80177
-44105 -24768
-39891 57504
-91488 -88759
-3307 31080
-1428 -24115
41548 52550
-9142 95762
-74608 -86833
27522 17396
52783 -9559
-55919 28566
68035 16521
9185 -70194
26676 37040
-42878 54087
90017 27067
-81678 47654
-75037 -16645
38231 -90927
-85478 6274
80051 59307
-25437 -23287
51820 48684
-84623 22159
78958 -87073
-64802 55701
-52719 -43166
-84020 -50945
55920 82805
58522 54294
60351 56444
2174 6408
-24618 -42662
-77705 97297
49242 -73956
-65538 17222
-25217 60551
-86471 84778
68815 -98849
-5301 58884
70226 80396
93191 62845
-68676 55568
-70304 -28988
93654 -63952
-19924 44320
-14122 -57200
66395 12918
39023 94993
80108 -41749
19948 73003
-45014 -37136
-38893 94732
43508 -21145
-78444 49753
52881 54908
32087 -2270
-26967 90310
57219 -7232
99024 -61453
-38186 94906
31270 -10583
55785 -74170
48534 882
9796 -71370
93758 -11153
-59292 -30116
99261 78989
-18556 2242
-61944 -49257
-12327 65700
77403 -11290
-28735 22777
34470 82826
-91002 73315
45791 55235
20645 -36860
15626 -54109
30952 15508
-43876 -66012
59579 -69941
74761 -7182
-51557 -92712
44889 33292
65944 43902
29627 23742
7669 65911
36125 -54513
30816 -7021
-748 -74602
-47107 -88584
37524 -34802
-36241 42684
-13427 -93922
28269 -79460
-25873 -78390
8318 94908
-4178 43380
71853 -53343
10892 88933
90916 80757
-47556 63169
-93400 94878
-86608 -6773
71318 -87856
-25595 -49941
8438 -22744
-65541 94162
54544 29496
-88525 95027
65668 49802
65766 -58597
95331 52758
-33136 -77317
-52587 84954
-90246 95420
-20148 12098
84727 -44755
-15742 85942
-84838 -47443
26711 -44091
5791 41976
60412 71628
11433 61621
-68639 88087
-6417 -61001
89049 -6603
-43836 68195
-63493 12920
-91013 -34116
89478 -74288
-11195 23058
-88789 51635
72294 -1925
63298 -57132
-15682 -57294
84489 48990
77057 46836
-39372 67523
94188 -126
-12973 -12286
-81857 30665
-1444 58263
-71645 88896
88918 61802
45662 3944
95132 56191
-85151 17263
-17737 3700
-98167 -54949
-99640 -54397
50277 -14139
88907 -87641
-71075 84508
-78065 -15222
-21896 29709
-28514 -80848
26326 -41168
-67197 62585
76484 -14223
-39232 -12657
-99414 -22060
-46464 -67356
30562 6179
27285 -3329
63658 -93525
-65887 27936
-59442 1117
11654 -99130
65449 92786
8335 -49362
-74694 -1207
-49745 -95884
-91220 87002
-5299 740
-81515 1261
-55764 8899
-74792 80371
12826 91159
-33794 -12118
-10446 -52522
-57433 -10226
-11734 49610
52388 -63584
-32177 8957
10010 -31711
-43973 -94951
-33149 -41697
-90338 -41352
41051 64983
81128 -52740
74086 -50874
23527 81489
-99753 -38665
16887 -28256
-59300 -53669
-11007 -82414
53189 31079
-7066 68199
78733 -12825
55719 94648
7883 -23026
9801 85772
-49995 -59111
22304 95555
64808 -55662
8831 94356
-93130 72201
37045 23679
-84736 31282
-96235 -8238
-14522 89927
-87786 -59185
-93601 -38290
71784 -8139
-73276 31180
-31024 47250
-4730 -44295
-91121 72766
-26699 -93563
71393 -29789
-53536 84234
89764 -72983
43650 32916
39912 65762
-39712 70207
11475 -83778
12000 83803
-47725 -84019
-65026 -38353
49274 35612
10181 81208
22027 -48687
-77442 -28629
3753 -93852
-45651 81392
13573 90286
44686 37690
43748 74704
20355 94342
-52 -69882
83367 1982
12608 57026
1256 -63194
-60986 -37186
23440 2577
40299 -91005
67130 -73755
-57930 75753
77740 -67114
-46760 -34020
47072 -1973
38609 64593
12977 18233
-31539 2781
32151 -46543
24650 -33673
-87596 -91019
-50745 -15343
33695 -49408
-96835 81558
35799 -92020
89265 -60259
-53451 32153
-74567 -28323
86193 42853
26951 -46412
-14891 11570
-73585 -25956
275 36803
-96569 10782
71678 90513
-63742 70873
-25286 10339
35252 27515
-81691 4043
18752 -46184
-23695 60473
-81654 -63799
22566 9498
85233 -36540
-61711 -55709
16328 16678
71836 48462
-28210 -29119
-95926 -53326
-20866 -51263
44249 72403
76490 99963
-62630 -57736
-17657 -17169
13507 -57246
6583 70624
-74187 41412
98990 94847
66404 -61324
-32704 -9556
-75311 -1849
-6283 -56597
-86633 10682
-99905 -83457
68673 -19917
-75696 -48177
5372 -67603
14281 23605
35981 93038
88844 61789
-36034 -90833
-12544 -9429
-37740 -48430
11257 -6432
-54699 -58197
774 -92720
89824 -29959
53351 -57651
99139 82494
65534 34614
-18565 -20371
-29664 -48301
-8328 -55248
57854 98544
-90183 -3424
70789 -78970
-98205 -93189
92214 67212
20034 14440
22237 50613
40902 -51990
-72047 49325
-1791 -85876
-54660 -26424
48162 53421
-62161 -33890
98180 39476
31210 -686
55272 -67871
-82216 19393
-63086 65965
-18602 -81145
-80323 -15476
-77905 88504
-752 61237
94300 24183
-45486 -32871
10812 -72606
-57118 -82113
-99993 64972
94938 -29373
9655 13454
-75945 -35876
-36824 72316
26724 79986
-88361 -10198
-2049 -53815
93296 -59598
-70197 -16568
-33370 -36938
-37183 -40466
63991 70142
10618 78022
-79779 -57502
-39103 -36088
-79601 48130
-88868 51785
49648 45400
-85877 -44331
-51510 -24661
-99273 -50879
11466 -73336
-88625 22450
33765 -63905
-81234 79229
44167 -96941
88284 50832
-98089 20001
-96278 -77366
27307 -47684
-87785 58496
17513 13543
36027 25450
5934 58377
48604 19899
-84033 -52583
-78766 27087
-21618 4088
-54428 13245
92082 20324
80356 21554
-21935 -12674
9838 -53299
-39606 -32793
-46148 -60711
-58597 -93550
-29139 -9820
-73528 56275
-26495 51495
13672 64091
84779 14764
84086 -22014
-39714 6565
51674 -83409
92979 -91744
29414 -54459
-67489 43199
99173 41963
-28790 -36327
39241 -32287
89909 -99213
-22420 79581
-73964 17540
78053 29540
51974 14801
-25587 6234
-17515 -71379
-26766 -79910
14432 -23994
16129 -23102
62851 -94473
70801 -11836
-73915 -90129
14530 85632
11047 75638
-54943 -9150
-44327 37090
96216 -99341
82541 -71603
-76052 -22521
44336 39866
-78375 61220
4583 -8619
-46404 -11896
49195 79451
-4634 -81819
-89274 -50769
78838 51113
51806 -8855
-44076 -55176
43341 -15943
-9189 -61942
-21587 28338
95124 49649
-79793 -37459
-57377 -90277
14632 72516
-54080 -36747
15493 5193
-95276 22328
2616 85602
46777 61200
-69000 70932
-53206 -38604
-41879 19671
96789 15775
-22958 -13523
-57834 5488
-18598 16479
-44384 71811
-32183 58171
-14674 -34405
33318 35197
-21725 57019
-83929 86959
-48779 34491
4388 45462
96065 45180
-34263 -84614
95642 -98049
-53259 94454
20900 98390
-6164 25509
-21812 -57404
-59127 34657
-57740 -84619
37229 -9571
61219 -91702
13914 -28426
-79470 -86687
-83260 -78424
19956 -57932
8637 85346
-85675 -17609
29978 81144
42837 -12433
27665 -44567
-6251 5948
38119 -74480
99245 -63849
-16526 20018
-97727 34700
-98882 2237
50983 -86117
-13957 17958
-46886 -89046
30445 70171
40878 -86146
51137 -9019
25935 21293
-82550 43893
-72797 -40911
68732 30843
-59996 32706
-78934 -76844
24224 13730
49490 -28937
-60096 79770
-20026 -27025
38118 -86838
-12240 -13446
-92332 -89379
79248 18520
39078 4612
-97627 -19606
10807 -43127
-28044 -12187
89016 -12110
-86382 55257
89163 5642
79775 -80834
-35262 -42051
5690 -10188
47357 -63272
6157 -66202
-9119 -14676
-59626 -70960
15135 -57651
94789 -34400
-21153 69672
-58100 20764
-47973 -23255
92034 -70206
80596 -51026
61978 23552
55011 -45984
-23889 25373
49432 91661
60130 55596
21023 13415
-65444 91024
5505 -10475
-56672 -13221
-63429 -41182
-40272 -37091
49997 87085
36547 80499
100000 52988
-31307 -16289
-657 -50773
-29024 67986
-23331 94437
-51377 -74153
94160 -37160
-1412 -68876
13133 -85389
39670 52827
-26777 19401
-53362 9506
69132 -81829
-59528 20361
-86970 -4693
-38414 -49338
-33634 34580
65898 -32192
82110 -71237
94971 9447
26842 40335
58438 90335
-96288 42839
83130 -93217
66107 -59475
-4546 -41502
65378 -76626
-58406 32902
41562 -51919
91470 -28079
-92882 97786
90096 7423
94644 82660
-19644 63755
-99398 -96653
2026 82984
-39400 16851
29796 93435
39073 14692
-21233 52382
-44849 -34585
90743 2530
73740 -71033
21319 -34395
15297 -37411
-93446 -30548
-45047 -13683
44557 29851
-20594 3084
-21641 48190
14341 -40010
31405 -86747
33090 -34103
77983 99282
75918 70902
62420 3727
93882 -61064
5540 63052
-27694 -31231
45269 -75698
-48697 -31356
96279 23461
-25686 -35170
54284 75977
38710 -2481
53307 -90481
-83402 -45510
27888 41710
16498 50806
-32601 11208
-80347 25443
-45733 -46636
80536 4017
-4101 26913
-25774 -53870
-87135 73849
-28884 -32288
86569 2672
-18643 -50578
70282 -8122
-32676 79473
47233 -33121
36519 -49917
66939 65700
43446 5976
36504 95613
-27534 43545
-58845 21161
88434 -35104
7616 52905
34594 38395
-85328 -77410
-26481 -44914
26940 -44900
24217 2029
72328 -42099
95974 -58269
76602 74263
-95144 27832
45345 84535
-10438 -52379
63375 77769
69090 91258
-71809 -73854
78774 40691
73190 37414
34433 -25429
59875 44466
-25904 36452
3317 57109
61580 -21663
62531 55958
-94937 91304
-34851 -85962
19288 53547
34791 56658
74870 -30228
-13069 96259
36947 -82063
-92140 81853
30196 958
71911 78046
-33189 -51239
-63321 -25502
-7058 35420
-35137 -29482
-85440 99883
71830 -50223
-600 -400
400 600
400 599
