121 121 50
4 0
-10 10
8 0
0 -4
-6 10
-8 -8
10 6
2 2
-8 10
-4 -8
6 2
-2 -2
-10 -6
-4 10
4 2
-6 -6
10 -10
8 2
0 -2
-8 -6
2 4
-4 -6
6 4
-2 0
-10 -4
-6 -4
10 -8
8 4
0 0
-8 -4
-4 -4
6 6
-2 2
-10 -2
-6 -2
10 -6
2 -10
0 2
-8 -2
6 -10
-4 -2
4 -10
-2 4
-10 0
8 -10
-6 0
2 -8
-8 0
6 -8
10 8
-4 0
-10 2
8 -8
-6 2
4 4
-8 2
6 -6
10 10
-2 -10
2 6
-4 2
-10 4
0 -10
-6 4
4 6
8 6
-2 -8
2 8
-4 4
6 8
-6 6
4 8
10 -4
8 8
0 4
2 10
-10 -10
6 10
-6 -10
4 -8
-2 6
4 10
10 -2
2 -6
8 10
-4 -10
0 6
-6 -8
4 -6
-2 8
8 -6
10 0
2 -4
0 8
-8 4
6 -4
4 -4
-2 10
-10 6
8 -4
0 -8
10 2
2 -2
0 10
-8 6
6 -2
-2 -6
-4 6
4 -2
-10 8
8 -2
0 -6
-6 8
-8 -10
10 4
2 0
-8 8
6 0
-2 -4
-10 -8
-4 8
-5 1
5 15
-5 -3
-9 5
5 11
-13 13
1 -5
-3 3
5 13
-13 9
-3 -1
-7 7
-11 15
5 9
-3 1
-11 11
-15 -5
-3 -3
-7 5
-11 13
-1 3
-11 9
-1 -1
-5 7
-9 15
-9 11
-13 -5
-1 -3
-5 5
-9 13
-9 9
1 -1
-3 7
-7 15
-7 11
-11 -5
-15 3
-3 5
-7 13
-15 -1
-7 9
-15 1
-1 7
-5 15
-15 -3
-5 11
-13 3
-5 13
-13 -1
3 -5
-5 9
-3 15
-13 -3
-3 11
-1 1
-3 13
-11 -1
5 -5
-15 7
1 3
-3 9
-1 15
-15 5
-1 11
1 1
1 -3
-13 7
3 3
-1 9
3 -1
1 11
3 1
-9 -5
3 -3
-1 5
5 3
-15 15
5 -1
-15 11
-13 1
1 7
5 1
-7 -5
-11 3
5 -3
-15 9
1 5
-13 11
-11 1
3 7
-11 -3
-5 -5
-9 3
3 5
-1 13
-9 -1
-9 1
5 7
1 15
-9 -3
-13 5
-3 -5
-7 3
5 5
1 13
-7 -1
-11 7
1 9
-7 1
3 15
-7 -3
-11 5
3 11
-15 13
-1 -5
-5 3
3 13
-5 -1
-9 7
-13 15
3 9
