4899 941 40
-9970 -9968
-9942 -9986
-9991 -9991
-9950 -9990
-9958 -9994
-9939 -9944
-9992 -9987
-9973 -9937
-9981 -9941
-9940 -9940
-9989 -9945
-9961 -9963
-9970 -9932
-9969 -9967
-9977 -9971
-9949 -9989
-9958 -9958
-9957 -9993
-9937 -9935
-9938 -9980
-9965 -9997
-9992 -9951
-9946 -9984
-10000 -9955
-9999 -9990
-9980 -9977
-9988 -9981
-9947 -9943
-9996 -9985
-9936 -9934
-9935 -9969
-9944 -9938
-9943 -9973
-9997 -9944
-9964 -9996
-9978 -9931
-9972 -10000
-9951 -9977
-9986 -9935
-9932 -9964
-9931 -9999
-9966 -9957
-9974 -9961
-9995 -9984
-9955 -9948
-9954 -9983
-9963 -9952
-9962 -9987
-9943 -9937
-9951 -9941
-9931 -9963
-9985 -9934
-9939 -9967
-9993 -9938
-9973 -9960
-9981 -9964
-9962 -9951
-9989 -9968
-9961 -9986
-9970 -9955
-9969 -9990
-9942 -9973
-9950 -9977
-9977 -9994
-9958 -9981
-9992 -9974
-10000 -9978
-9980 -10000
-9948 -9931
-9947 -9966
-9968 -9989
-9976 -9993
-9936 -9957
-9935 -9992
-9944 -9961
-9998 -9932
-9965 -9984
-9978 -9954
-9932 -9987
-9999 -9977
-9959 -9941
-9967 -9945
-9966 -9980
-9996 -9972
-9955 -9971
-9935 -9956
-9963 -9975
-9984 -9998
-9943 -9960
-9997 -9931
-9951 -9964
-9932 -9951
-9931 -9986
-9985 -9957
-9939 -9990
-9966 -9944
-9993 -9961
-9974 -9948
-9973 -9983
-9955 -9935
-9982 -9952
-9981 -9987
-9963 -9939
-9962 -9974
-9989 -9991
-9954 -9970
-9970 -9978
-9942 -9996
-9950 -10000
-9992 -9997
-9940 -9950
-9989 -9955
-9948 -9954
-9969 -9977
-9977 -9981
-9949 -9999
-9937 -9945
-9936 -9980
-9971 -9938
-9979 -9942
-9946 -9994
-10000 -9965
-9999 -10000
-9959 -9964
-9980 -9987
-9967 -9968
-9988 -9991
-9947 -9953
-9996 -9995
-9936 -9944
-9935 -9979
-9944 -9948
-9943 -9983
-9997 -9954
-9951 -9987
-9978 -9941
-9932 -9974
-9986 -9945
-9985 -9980
-9967 -9932
-9966 -9967
-9993 -9984
-9974 -9971
-9955 -9958
-9982 -9975
-9954 -9993
-9963 -9962
-9962 -9997
-9939 -9977
-9993 -9948
-9952 -9947
-9973 -9970
-9933 -9934
-9981 -9974
-9941 -9938
-9940 -9973
-9989 -9978
-9961 -9996
-9975 -9931
-9970 -9965
-9969 -10000
-9983 -9935
-9950 -9987
-9937 -9968
-9958 -9991
-9971 -9961
-9992 -9984
-10000 -9988
-9940 -9937
-9948 -9941
-9947 -9976
-9937 -9932
-9936 -9967
-9990 -9938
-9944 -9971
-9998 -9942
-9997 -9977
-9978 -9964
-9932 -9997
-9959 -9951
-9986 -9968
-9967 -9955
-9966 -9990
-9974 -9994
-9955 -9981
-9963 -9985
-9943 -9970
-9997 -9941
-9956 -9940
-9951 -9974
-9931 -9996
-9986 -9932
-9985 -9967
-9945 -9931
-9939 -10000
-9993 -9971
-9953 -9935
-9974 -9958
-9973 -9993
-9933 -9957
-9982 -9962
-9981 -9997
-9954 -9980
-9962 -9984
-9941 -9961
-9975 -9954
-9970 -9988
-9952 -9934
-9960 -9938
-9940 -9960
-9994 -9931
-9948 -9964
-9947 -9999
-9977 -9991
-9937 -9955
-9936 -9990
-9990 -9961
-9944 -9994
-9971 -9948
-9998 -9965
-9979 -9952
-9978 -9987
-9959 -9974
-9967 -9978
-9947 -9963
-9935 -9989
-9944 -9958
-9943 -9993
-9997 -9964
-9951 -9997
-9978 -9951
-9932 -9984
-9986 -9955
-9985 -9990
-9945 -9954
-9966 -9977
-9993 -9994
-9974 -9981
-9934 -9945
-9955 -9968
-9982 -9985
-9963 -9972
-9964 -9931
-9972 -9935
-9952 -9957
-9933 -9944
-9960 -9961
-9981 -9984
-9941 -9948
-9940 -9983
-9994 -9954
-9989 -9988
-9975 -9941
-9948 -9987
-9983 -9945
-9937 -9978
-9991 -9949
-9971 -9971
-9992 -9994
-9979 -9975
-10000 -9998
-9959 -9997
-9948 -9951
-9947 -9986
-9936 -9977
-9990 -9948
-9949 -9947
-9944 -9981
-9998 -9952
-9997 -9987
-9979 -9939
-9978 -9974
-9938 -9938
-9959 -9961
-9986 -9978
-9967 -9965
-9966 -10000
-9955 -9991
-9963 -9995
-9956 -9950
-9951 -9984
-9964 -9954
-9985 -9977
-9972 -9958
-9945 -9941
-9993 -9981
-9953 -9945
-9952 -9980
-9934 -9932
-9933 -9967
-9987 -9938
-9982 -9972
-9941 -9971
-9995 -9942
-9962 -9994
-9975 -9964
-9970 -9998
-9984 -9933
-9983 -9968
-9952 -9944
-9960 -9948
-9940 -9970
-9994 -9941
-9948 -9974
-9983 -9932
-9942 -9931
-9937 -9965
-9991 -9936
-9990 -9971
-9936 -10000
-9971 -9958
-9998 -9975
-9979 -9962
-9978 -9997
-9959 -9984
-9967 -9988
-9968 -9947
-9949 -9934
-9976 -9951
-9997 -9974
-9957 -9938
-9956 -9973
-9965 -9942
-9986 -9965
-9985 -10000
-9945 -9964
-9999 -9935
-9966 -9987
-9953 -9968
-9974 -9991
-9934 -9955
-9933 -9990
-9987 -9961
-9982 -9995
-9963 -9982
-9956 -9937
-9984 -9956
-9964 -9941
-9972 -9945
-9953 -9932
-9952 -9967
-9933 -9954
-9960 -9971
-9941 -9958
-9940 -9993
-9994 -9964
-9948 -9997
-9975 -9951
-9983 -9955
-9937 -9988
-9991 -9959
-9990 -9994
-9971 -9981
-9979 -9985
-9947 -9996
-9961 -9931
-9969 -9935
-9990 -9958
-9977 -9939
-9949 -9957
-9998 -9962
-9997 -9997
-9957 -9961
-9978 -9984
-9944 -9991
-9938 -9948
-9986 -9988
-9946 -9952
-9967 -9975
-9980 -9945
-9934 -9978
-9988 -9949
-9968 -9934
-9976 -9938
-9956 -9960
-9964 -9964
-9945 -9951
-9972 -9968
-9953 -9955
-9952 -9990
-9934 -9942
-9933 -9977
-9960 -9994
-9987 -9948
-9941 -9981
-9995 -9952
-9994 -9987
-9975 -9974
-9984 -9943
-9983 -9978
-9991 -9982
-9931 -9931
-9939 -9935
-9960 -9958
-9994 -9951
-9981 -9932
-9948 -9984
-9961 -9954
-9942 -9941
-9937 -9975
-9991 -9946
-9990 -9981
-9950 -9945
-9971 -9968
-9998 -9985
-9958 -9949
-9979 -9972
-9938 -9971
-9992 -9942
-9959 -9994
-9967 -9998
-9968 -9957
-9949 -9944
-9976 -9961
-9997 -9984
-9957 -9948
-9956 -9983
-9965 -9952
-9964 -9987
-9946 -9939
-9945 -9974
-9938 -9935
-9999 -9945
-9953 -9978
-9980 -9932
-9934 -9965
-9933 -10000
-9988 -9936
-9987 -9971
-9996 -9940
-9995 -9975
-9975 -9997
-9984 -9966
-9964 -9951
-9951 -9932
-9972 -9955
-9931 -9954
-9952 -9977
-9960 -9981
-9941 -9968
-9995 -9939
-9994 -9974
-9954 -9938
-9975 -9961
-9962 -9942
-9983 -9965
-9942 -9964
-9937 -9998
-9991 -9969
-9971 -9991
-9979 -9995
-9961 -9941
-9969 -9945
-9968 -9980
-9950 -9932
-9977 -9949
-9949 -9967
-9998 -9972
-9958 -9936
-9957 -9971
-9938 -9958
-9965 -9975
-9986 -9998
-9946 -9962
-10000 -9933
-9999 -9968
-9945 -9997
-9980 -9955
-9934 -9988
-9988 -9959
-9968 -9944
-9996 -9963
-9976 -9948
-9935 -9947
-9956 -9970
-9965 -9939
-9964 -9974
-9945 -9961
-9972 -9978
-9999 -9932
-9953 -9965
-9952 -10000
-9932 -9942
-9966 -9935
-9933 -9987
-9987 -9958
-9941 -9991
-9995 -9962
-9994 -9997
-9975 -9984
-9984 -9953
-9983 -9988
-9991 -9992
-9931 -9941
-9939 -9945
-9973 -9938
-9981 -9942
-9989 -9946
-9961 -9964
-9970 -9933
-9969 -9968
-9942 -9951
-9990 -9991
-9950 -9955
-9949 -9990
-9998 -9995
-9958 -9959
-9938 -9981
-9992 -9952
-9946 -9985
-10000 -9956
-9980 -9978
-9969 -9932
-9968 -9967
-9977 -9936
-9976 -9971
-9949 -9954
-9957 -9958
-9956 -9993
-9936 -9935
-9965 -9962
-9964 -9997
-9946 -9949
-9945 -9984
-9999 -9955
-9953 -9988
-9980 -9942
-9934 -9975
-9988 -9946
-9987 -9981
-9996 -9950
-9995 -9985
-9935 -9934
-9984 -9976
-9943 -9938
-9951 -9942
-9972 -9965
-9931 -9964
-9985 -9935
-9939 -9968
-9993 -9939
-9960 -9991
-9973 -9961
-9994 -9984
-9954 -9948
-9962 -9952
-9970 -9956
-9942 -9974
-9991 -9979
-9950 -9978
-9939 -9932
-9989 -9933
-9961 -9951
-9969 -9955
-9968 -9990
-9950 -9942
-9977 -9959
-9976 -9994
-9958 -9946
-9957 -9981
-9949 -9977
-9938 -9968
-9965 -9985
-9992 -9939
-9946 -9972
-10000 -9943
-9999 -9978
-9980 -9965
-9934 -9998
-9988 -9969
-9947 -9931
-9996 -9973
-9976 -9958
-9935 -9957
-9984 -9999
-9943 -9961
-9997 -9932
-9964 -9984
-9972 -9988
-9932 -9952
-9931 -9987
-9966 -9945
-9974 -9949
-9995 -9972
-9955 -9936
-9954 -9971
-9975 -9994
-9963 -9940
-9984 -9963
-9983 -9998
-9942 -9997
-9931 -9951
-9939 -9955
-9973 -9948
-9954 -9935
-9981 -9952
-9962 -9939
-9989 -9956
-9961 -9974
-9970 -9943
-9969 -9978
-9942 -9961
-9950 -9965
-9977 -9982
-9949 -10000
-9958 -9969
-9938 -9991
-9992 -9962
-9946 -9995
-10000 -9966
-9980 -9988
-9988 -9992
-9947 -9954
-9968 -9977
-9996 -9996
-9977 -9946
-9976 -9981
-9936 -9945
-9935 -9980
-9944 -9949
-9965 -9972
-9978 -9942
-9945 -9994
-9999 -9965
-9953 -9998
-9967 -9933
-9988 -9956
-9987 -9991
-9996 -9960
-9995 -9995
-9955 -9959
-9935 -9944
-9984 -9986
-9943 -9948
-9951 -9952
-9932 -9939
-9931 -9974
-9985 -9945
-9939 -9978
-9966 -9932
-9993 -9949
-9974 -9936
-9973 -9971
-9982 -9940
-9981 -9975
-9954 -9958
-9962 -9962
-9961 -9997
-9970 -9966
-9942 -9984
-9950 -9988
-9958 -9992
-9992 -9985
-10000 -9989
-9981 -9939
-9940 -9938
-9989 -9943
-9948 -9942
-9969 -9965
-9968 -10000
-9977 -9969
-9949 -9987
-9937 -9933
-9957 -9991
-9965 -9995
-9992 -9949
-9946 -9982
-10000 -9953
-9999 -9988
-9959 -9952
-9980 -9975
-9988 -9979
-9947 -9941
-9996 -9983
-9936 -9932
-9935 -9967
-9944 -9936
-9943 -9971
-9997 -9942
-9951 -9975
-9972 -9998
-9932 -9962
-9986 -9933
-9985 -9968
-9931 -9997
-9966 -9955
-9974 -9959
-9973 -9994
-9955 -9946
-9982 -9963
-9954 -9981
-9963 -9950
-9962 -9985
-9970 -9989
-9951 -9939
-9985 -9932
-9939 -9965
-9993 -9936
-9952 -9935
-9973 -9958
-9981 -9962
-9962 -9949
-9989 -9966
-9961 -9984
-9970 -9953
-9969 -9988
-9950 -9975
-9977 -9992
-9958 -9979
-9992 -9972
-10000 -9976
-9980 -9998
-9947 -9964
-9976 -9991
-9936 -9955
-9935 -9990
-9944 -9959
-9943 -9994
-9978 -9952
-9932 -9985
-9959 -9939
-9986 -9956
-9967 -9943
-9966 -9978
-9974 -9982
-9955 -9969
-9963 -9973
-9984 -9996
-9943 -9958
-9951 -9962
-9931 -9984
-9985 -9955
-9939 -9988
-9966 -9942
-9993 -9959
-9974 -9946
-9973 -9981
-9933 -9945
-9982 -9950
-9981 -9985
-9963 -9937
-9962 -9972
-9989 -9989
-9954 -9968
-9970 -9976
-9942 -9994
-9950 -9998
-9992 -9995
-10000 -9999
-9940 -9948
-9948 -9952
-9947 -9987
-9977 -9979
-9937 -9943
-9936 -9978
-9990 -9949
-9944 -9982
-9971 -9936
-9979 -9940
-9978 -9975
-9999 -9998
-9959 -9962
-9967 -9966
-9988 -9989
-9947 -9951
-9996 -9993
-9955 -9992
-9935 -9977
-9944 -9946
-9943 -9981
-9997 -9952
-9951 -9985
-9978 -9939
-9932 -9972
-9986 -9943
-9985 -9978
-9966 -9965
-9993 -9982
-9974 -9969
-9934 -9933
-9955 -9956
-9982 -9973
-9954 -9991
-9963 -9960
-9962 -9995
-9970 -9999
-9952 -9945
-9933 -9932
-9960 -9949
-9981 -9972
-9941 -9936
-9940 -9971
-9994 -9942
-9989 -9976
-9961 -9994
-9969 -9998
-9948 -9975
-9983 -9933
-9937 -9966
-9991 -9937
-9958 -9989
-9971 -9959
-9992 -9982
-10000 -9986
-9959 -9985
-9948 -9939
-9947 -9974
-9936 -9965
-9935 -10000
-9990 -9936
-9944 -9969
-9998 -9940
-9997 -9975
-9978 -9962
-9932 -9995
-9959 -9949
-9986 -9966
-9967 -9953
-9966 -9988
-9974 -9992
-9955 -9979
-9982 -9996
-9963 -9983
-9997 -9939
-9956 -9938
-9951 -9972
-9964 -9942
-9931 -9994
-9985 -9965
-9939 -9998
-9993 -9969
-9953 -9933
-9952 -9968
-9973 -9991
-9933 -9955
-9982 -9960
-9981 -9995
-9941 -9959
-9962 -9982
-9989 -9999
-9975 -9952
-9970 -9986
-9952 -9932
-9960 -9936
-9940 -9958
-9948 -9962
-9947 -9997
-9937 -9953
-9936 -9988
-9990 -9959
-9944 -9992
-9971 -9946
-9998 -9963
-9979 -9950
-9978 -9985
-9959 -9972
-9986 -9989
-9967 -9976
-9968 -9935
-9935 -9987
-9943 -9991
-9997 -9962
-9956 -9961
-9951 -9995
-9932 -9982
-9986 -9953
-9985 -9988
-9945 -9952
-9966 -9975
-9993 -9992
-9953 -9956
-9974 -9979
-9934 -9943
-9933 -9978
-9982 -9983
-9963 -9970
-9972 -9933
-9952 -9955
-9933 -9942
-9960 -9959
-9941 -9946
-9940 -9981
-9994 -9952
-9989 -9986
-9975 -9939
-9948 -9985
-9983 -9943
-9937 -9976
-9991 -9947
-9990 -9982
-9971 -9969
-9979 -9973
-10000 -9996
-9959 -9995
-9967 -9999
-9947 -9984
-9936 -9975
-9990 -9946
-9949 -9945
-9944 -9979
-9998 -9950
-9997 -9985
-9957 -9949
-9978 -9972
-9938 -9936
-9986 -9976
-9946 -9940
-9967 -9963
-9966 -9998
-9980 -9933
-9934 -9966
-9955 -9989
-9963 -9993
-9956 -9948
-9964 -9952
-9945 -9939
-9972 -9956
-9993 -9979
-9953 -9943
-9952 -9978
-9933 -9965
-9960 -9982
-9987 -9936
-9941 -9969
-9995 -9940
-9994 -9975
-9975 -9962
-9970 -9996
-9984 -9931
-9983 -9966
-9937 -9999
-9991 -9970
-9971 -9992
-9960 -9946
-9940 -9968
-9994 -9939
-9948 -9972
-9937 -9963
-9936 -9998
-9991 -9934
-9990 -9969
-9950 -9933
-9971 -9956
-9998 -9973
-9979 -9960
-9978 -9995
-9938 -9959
-9959 -9982
-9986 -9999
-9967 -9986
-9968 -9945
-9949 -9932
-9976 -9949
-9997 -9972
-9957 -9936
-9956 -9971
-9965 -9940
-9964 -9975
-9985 -9998
-9945 -9962
-9999 -9933
-9953 -9966
-9974 -9989
-9934 -9953
-9933 -9988
-9987 -9959
-9982 -9993
-9941 -9992
-9995 -9963
-9975 -9985
-9984 -9954
-9964 -9939
-9972 -9943
-9931 -9942
-9952 -9965
-9960 -9969
-9941 -9956
-9940 -9991
-9994 -9962
-9948 -9995
-9975 -9949
-9983 -9953
-9942 -9952
-9937 -9986
-9991 -9957
-9990 -9992
-9971 -9979
-9998 -9996
-9979 -9983
-9969 -9933
-9968 -9968
-9977 -9937
-9949 -9955
-9998 -9960
-9997 -9995
-9957 -9959
-9978 -9982
-9965 -9963
-9944 -9989
-9986 -9986
-9946 -9950
-9945 -9985
-9999 -9956
-9938 -9946
-9980 -9943
-9934 -9976
-9988 -9947
-9968 -9932
-9996 -9951
-9976 -9936
-9935 -9935
-9956 -9958
-9964 -9962
-9945 -9949
-9972 -9966
-9953 -9953
-9952 -9988
-9933 -9975
-9960 -9992
-9987 -9946
-9941 -9979
-9995 -9950
-9994 -9985
-9975 -9972
-9984 -9941
-9983 -9976
-9991 -9980
-9939 -9933
-9948 -9982
-9961 -9952
-9942 -9939
-9969 -9956
-9990 -9979
-9950 -9943
-9949 -9978
-9998 -9983
-9958 -9947
-9979 -9970
-9938 -9969
-9992 -9940
-9946 -9973
-10000 -9944
-9967 -9996
-9980 -9966
-9968 -9955
-9949 -9942
-9976 -9959
-9957 -9946
-9956 -9981
-9965 -9950
-9964 -9985
-9946 -9937
-9945 -9972
-9972 -9989
-9999 -9943
-9953 -9976
-9934 -9963
-9933 -9998
-9988 -9934
-9987 -9969
-9996 -9938
-9995 -9973
-9975 -9995
-9984 -9964
-9983 -9999
-9972 -9953
-9931 -9952
-9952 -9975
-9939 -9956
-9960 -9979
-9973 -9949
-9994 -9972
-9954 -9936
-9962 -9940
-9983 -9963
-9970 -9944
-9942 -9962
-9991 -9967
-9950 -9966
-9937 -9996
-9971 -9989
-9979 -9993
-9961 -9939
-9969 -9943
-9968 -9978
-9977 -9947
-9976 -9982
-9958 -9934
-9957 -9969
-9949 -9965
-9938 -9956
-9965 -9973
-9946 -9960
-9945 -9995
-10000 -9931
-9999 -9966
-9953 -9999
-9980 -9953
-9934 -9986
-9988 -9957
-9987 -9992
-9996 -9961
-9976 -9946
-9935 -9945
-9956 -9968
-9984 -9987
-9943 -9949
-9964 -9972
-9972 -9976
-9932 -9940
-9953 -9963
-9952 -9998
-9966 -9933
-9987 -9956
-9974 -9937
-9941 -9989
-9995 -9960
-9994 -9995
-9954 -9959
-9975 -9982
-9984 -9951
-9983 -9986
-9991 -9990
-9931 -9939
-9939 -9943
-9973 -9936
-9981 -9940
-9989 -9944
-9961 -9962
-9970 -9931
-9969 -9966
-9942 -9949
-9950 -9953
-9977 -9970
-9949 -9988
-9998 -9993
-9958 -9957
-9957 -9992
-9938 -9979
-9992 -9950
-9946 -9983
-10000 -9954
-9980 -9976
-9988 -9980
-9947 -9942
-9968 -9965
-9977 -9934
-9976 -9969
-9936 -9933
-9957 -9956
-9956 -9991
-9944 -9937
-9965 -9960
-9964 -9995
-9945 -9982
-9972 -9999
-9999 -9953
-9953 -9986
-9934 -9973
-9988 -9944
-9987 -9979
-9996 -9948
-9995 -9983
-9955 -9947
-9935 -9932
-9984 -9974
-9943 -9936
-9951 -9940
-9931 -9962
-9985 -9933
-9939 -9966
-9993 -9937
-9973 -9959
-9954 -9946
-9981 -9963
-9962 -9950
-9961 -9985
-9970 -9954
-9942 -9972
-9991 -9977
-9950 -9976
-9958 -9980
-9992 -9973
-9989 -9931
-9961 -9949
-9969 -9953
-9968 -9988
-9977 -9957
-9976 -9992
-9958 -9944
-9957 -9979
-9949 -9975
-9938 -9966
-9965 -9983
-9992 -9937
-9946 -9970
-10000 -9941
-9999 -9976
-9959 -9940
-9980 -9963
-9934 -9996
-9988 -9967
-9996 -9971
-9935 -9955
-9984 -9997
-9943 -9959
-9951 -9963
-9972 -9986
-9932 -9950
-9931 -9985
-9985 -9956
-9966 -9943
-9974 -9947
-9995 -9970
-9982 -9951
-9955 -9934
-9963 -9938
-9962 -9973
-9954 -9969
-9983 -9996
-9942 -9995
-9991 -10000
-9950 -9999
-9931 -9949
-9939 -9953
-9973 -9946
-9981 -9950
-9962 -9937
-9989 -9954
-9961 -9972
-9970 -9941
-9969 -9976
-9942 -9959
-9950 -9963
-9977 -9980
-9949 -9998
-9958 -9967
-9938 -9989
-9992 -9960
-9946 -9993
-10000 -9964
-9999 -9999
-9980 -9986
-9988 -9990
-9947 -9952
-9996 -9994
-9976 -9979
-9936 -9943
-9935 -9978
-9944 -9947
-9978 -9940
-9932 -9973
-9999 -9963
-9986 -9944
-9953 -9996
-9967 -9931
-9966 -9966
-9987 -9989
-9996 -9958
-9995 -9993
-9955 -9957
-9954 -9992
-9963 -9961
-9935 -9942
-9984 -9984
-9943 -9946
-9951 -9950
-9932 -9937
-9931 -9972
-9985 -9943
-9939 -9976
-9993 -9947
-9974 -9934
-9973 -9969
-9933 -9933
-9982 -9938
-9981 -9973
-9954 -9956
-9962 -9960
-9989 -9977
-9961 -9995
-9970 -9964
-9969 -9999
-9942 -9982
-9950 -9986
-9958 -9990
-9992 -9983
-10000 -9987
-9940 -9936
-9989 -9941
-9948 -9940
-9968 -9998
-9977 -9967
-9937 -9931
-9936 -9966
-9990 -9937
-9957 -9989
-9965 -9993
-10000 -9951
-9999 -9986
-9959 -9950
-9967 -9954
-9988 -9977
-9947 -9939
-9996 -9981
-9935 -9965
-9944 -9934
-9943 -9969
-9997 -9940
-9951 -9973
-9932 -9960
-9931 -9995
-9986 -9931
-9985 -9966
-9939 -9999
-9966 -9953
-9993 -9970
-9974 -9957
-9973 -9992
-9955 -9944
-9982 -9961
-9981 -9996
-9963 -9948
-9962 -9983
-9954 -9979
-9970 -9987
-9993 -9934
-9952 -9933
-9973 -9956
-9960 -9937
-9981 -9960
-9940 -9959
-9989 -9964
-9961 -9982
-9970 -9951
-9969 -9986
-9977 -9990
-9937 -9954
-9958 -9977
-9971 -9947
-9938 -9999
-9992 -9970
-10000 -9974
-9980 -9996
-9988 -10000
-9947 -9962
-9936 -9953
-9935 -9988
-9944 -9957
-9943 -9992
-9997 -9963
-9951 -9996
-9978 -9950
-9932 -9983
-9959 -9937
-9986 -9954
-9985 -9989
-9967 -9941
-9966 -9976
-9974 -9980
-9955 -9967
-9982 -9984
-9963 -9971
-9951 -9960
-9931 -9982
-9985 -9953
-9982 -9942
-9939 -9986
-9993 -9957
-9974 -9944
-9973 -9979
-9933 -9943
-9982 -9948
-9981 -9983
-9941 -9947
-9962 -9970
-9989 -9987
-9975 -9940
-9970 -9974
-9942 -9992
-9950 -9996
-9958 -10000
-9992 -9993
-10000 -9997
-9940 -9946
-9948 -9950
-9947 -9985
-9937 -9941
-9936 -9976
-9990 -9947
-9944 -9980
-9971 -9934
-9998 -9951
-9979 -9938
-9978 -9973
-9999 -9996
-9959 -9960
-9967 -9964
-9966 -9999
-9996 -9991
-9955 -9990
-9935 -9975
-9963 -9994
-9944 -9944
-9943 -9979
-9997 -9950
-9951 -9983
-9978 -9937
-9932 -9970
-9986 -9941
-9985 -9976
-9945 -9940
-9966 -9963
-9993 -9980
-9974 -9967
-9934 -9931
-9982 -9971
-9954 -9989
-9963 -9958
-9962 -9993
-9970 -9997
-9952 -9943
-9960 -9947
-9941 -9934
-9940 -9969
-9994 -9940
-9989 -9974
-9948 -9973
-9969 -9996
-9983 -9931
-9977 -10000
-9937 -9964
-9991 -9935
-9936 -9999
-9971 -9957
-9979 -9961
-10000 -9984
-9959 -9983
-9967 -9987
-9948 -9937
-9947 -9972
-9936 -9963
-9935 -9998
-9990 -9934
-9949 -9933
-9944 -9967
-9998 -9938
-9997 -9973
-9978 -9960
-9932 -9993
-9986 -9964
-9985 -9999
-9967 -9951
-9966 -9986
-9974 -9990
-9955 -9977
-9982 -9994
-9963 -9981
-9956 -9936
-9964 -9940
-9972 -9944
-9939 -9996
-9993 -9967
-9953 -9931
-9952 -9966
-9973 -9989
-9960 -9970
-9933 -9953
-9981 -9993
-9941 -9957
-9940 -9992
-9989 -9997
-9975 -9950
-9970 -9984
-9983 -9954
-9937 -9987
-9971 -9980
-9960 -9934
-9940 -9956
-9948 -9960
-9947 -9995
-9937 -9951
-9936 -9986
-9990 -9957
-9944 -9990
-9971 -9944
-9998 -9961
-9997 -9996
-9979 -9948
-9978 -9983
-9959 -9970
-9986 -9987
-9967 -9974
-9955 -10000
-9968 -9933
-9976 -9937
-9943 -9989
-9997 -9960
-9956 -9959
-9951 -9993
-9964 -9963
-9985 -9986
-9945 -9950
-9993 -9990
-9953 -9954
-9974 -9977
-9934 -9941
-9933 -9976
-9987 -9947
-9982 -9981
-9954 -9999
-9941 -9980
-9975 -9973
-9984 -9942
-9972 -9931
-9952 -9953
-9960 -9957
-9941 -9944
-9940 -9979
-9994 -9950
-9948 -9983
-9975 -9937
-9983 -9941
-9937 -9974
-9991 -9945
-9990 -9980
-9971 -9967
-9998 -9984
-9979 -9971
-9959 -9993
-9967 -9997
-9947 -9982
-9968 -9956
-9949 -9943
-9944 -9977
-9998 -9948
-9997 -9983
-9957 -9947
-9978 -9970
-9938 -9934
-9986 -9974
-9946 -9938
-9945 -9973
-9966 -9996
-9980 -9931
-9974 -10000
-9934 -9964
-9988 -9935
-9955 -9987
-9963 -9991
-9956 -9946
-9964 -9950
-9945 -9937
-9972 -9954
-9953 -9941
-9952 -9976
-9933 -9963
-9960 -9980
-9987 -9934
-9941 -9967
-9995 -9938
-9994 -9973
-9975 -9960
-9983 -9964
-9937 -9997
-9991 -9968
-9971 -9990
-9979 -9994
-9948 -9970
-9961 -9940
-9936 -9996
-9991 -9932
-9990 -9967
-9950 -9931
-9949 -9966
-9998 -9971
-9958 -9935
-9979 -9958
-9978 -9993
-9944 -10000
-9959 -9980
-9986 -9997
-9946 -9961
-9967 -9984
-9938 -9957
-9968 -9943
-9976 -9947
-9957 -9934
-9956 -9969
-9965 -9938
-9964 -9973
-9985 -9996
-9972 -9977
-9999 -9931
-9993 -10000
-9953 -9964
-9952 -9999
-9945 -9960
-9934 -9951
-9987 -9957
-9982 -9991
-9941 -9990
-9995 -9961
-9933 -9986
-9975 -9983
-9984 -9952
-9983 -9987
-9972 -9941
-9931 -9940
-9952 -9963
-9960 -9967
-9940 -9989
-9994 -9960
-9948 -9993
-9983 -9951
-9942 -9950
-9937 -9984
-9991 -9955
-9990 -9990
-9950 -9954
-9971 -9977
-9998 -9994
-9979 -9981
-9969 -9931
-9968 -9966
-9977 -9935
-9976 -9970
-9949 -9953
-9997 -9993
-9957 -9957
-9956 -9992
-9965 -9961
-9938 -9944
-9986 -9984
-9946 -9948
-9945 -9983
-9999 -9954
-9953 -9987
-9980 -9941
-9934 -9974
-9988 -9945
-9987 -9980
-9996 -9949
-9976 -9934
-9935 -9933
-9956 -9956
-9984 -9975
-9964 -9960
-9972 -9964
-9953 -9951
-9952 -9986
-9933 -9973
-9960 -9990
-9987 -9944
-9941 -9977
-9995 -9948
-9994 -9983
-9954 -9947
-9975 -9970
-9984 -9939
-9983 -9974
-9991 -9978
-9971 -10000
-9939 -9931
-9989 -9932
-9961 -9950
-9942 -9937
-9969 -9954
-9990 -9977
-9977 -9958
-9950 -9941
-9998 -9981
-9958 -9945
-9957 -9980
-9949 -9976
-9938 -9967
-9992 -9938
-9946 -9971
-10000 -9942
-9967 -9994
-9980 -9964
-9934 -9997
-9988 -9968
-9968 -9953
-9976 -9957
-9957 -9944
-9956 -9979
-9965 -9948
-9964 -9983
-9945 -9970
-9972 -9987
-9999 -9941
-9953 -9974
-9934 -9961
-9933 -9996
-9988 -9932
-9987 -9967
-9941 -10000
-9996 -9936
-9995 -9971
-9975 -9993
-9984 -9962
-9983 -9997
-9931 -9950
-9939 -9954
-9960 -9977
-9973 -9947
-9994 -9970
-9981 -9951
-9954 -9934
-9962 -9938
-9961 -9973
-9970 -9942
-9942 -9960
-9991 -9965
-9990 -10000
-9950 -9964
-9971 -9987
-9958 -9968
-9979 -9991
-9938 -9990
-9992 -9961
-9961 -9937
-9969 -9941
-9968 -9976
-9977 -9945
-9976 -9980
-9958 -9932
-9957 -9967
-9949 -9963
-9938 -9954
-9965 -9971
-9946 -9958
-9945 -9993
-9999 -9964
-9953 -9997
-9980 -9951
-9934 -9984
-9988 -9955
-9987 -9990
-9996 -9959
-9995 -9994
-9935 -9943
-9984 -9985
-9943 -9947
-9964 -9970
-9951 -9951
-9972 -9974
-9932 -9938
-9931 -9973
-9985 -9944
-9952 -9996
-9966 -9931
-9960 -10000
-9974 -9935
-9995 -9958
-9994 -9993
-9982 -9939
-9975 -9980
-9962 -9961
-9954 -9957
-9983 -9984
-9942 -9983
-9991 -9988
-9931 -9937
-9939 -9941
-9973 -9934
-9981 -9938
-9989 -9942
-9961 -9960
-9942 -9947
-9969 -9964
-9968 -9999
-9950 -9951
-9977 -9968
-9949 -9986
-9998 -9991
-9958 -9955
-9957 -9990
-9938 -9977
-9965 -9994
-9992 -9948
-9946 -9981
-10000 -9952
-9999 -9987
-9980 -9974
-9988 -9978
-9947 -9940
-9968 -9963
-9996 -9982
-9976 -9967
-9936 -9931
-9935 -9966
-9956 -9989
-9944 -9935
-9965 -9958
-9964 -9993
-9945 -9980
-9972 -9997
-9999 -9951
-9953 -9984
-9932 -9961
-9966 -9954
-9987 -9977
-9996 -9946
-9995 -9981
-9955 -9945
-9963 -9949
-9984 -9972
-9943 -9934
-9951 -9938
-9931 -9960
-9985 -9931
-9939 -9964
-9993 -9935
-9973 -9957
-9954 -9944
-9981 -9961
-9962 -9948
-9989 -9965
-9961 -9983
-9970 -9952
-9969 -9987
-9942 -9970
-9950 -9974
-9958 -9978
-9938 -10000
-9992 -9971
-10000 -9975
-9980 -9997
-9969 -9951
-9968 -9986
-9977 -9955
-9976 -9990
-9949 -9973
-9957 -9977
-9936 -9954
-9965 -9981
-9946 -9968
-10000 -9939
-9999 -9974
-9959 -9938
-9980 -9961
-9967 -9942
-9934 -9994
-9988 -9965
-9987 -10000
-9996 -9969
-9935 -9953
-9984 -9995
-9943 -9957
-9951 -9961
-9932 -9948
-9931 -9983
-9985 -9954
-9939 -9987
-9966 -9941
-9993 -9958
-9974 -9945
-9973 -9980
-9955 -9932
-9982 -9949
-9954 -9967
-9963 -9936
-9962 -9971
-9970 -9975
-9942 -9993
-9991 -9998
-9950 -9997
-9939 -9951
-9973 -9944
-9981 -9948
-9940 -9947
-9989 -9952
-9961 -9970
-9970 -9939
-9969 -9974
-9950 -9961
-9977 -9978
-9949 -9996
-9958 -9965
-9957 -10000
-9937 -9942
-9971 -9935
-9938 -9987
-9992 -9958
-9946 -9991
-10000 -9962
-9999 -9997
-9980 -9984
-9988 -9988
-9947 -9950
-9996 -9992
-9936 -9941
-9935 -9976
-9944 -9945
-9943 -9980
-9997 -9951
-9978 -9938
-9932 -9971
-9986 -9942
-9966 -9964
-9974 -9968
-9995 -9991
-9955 -9955
-9954 -9990
-9963 -9959
-9943 -9944
-9951 -9948
-9931 -9970
-9985 -9941
-9939 -9974
-9993 -9945
-9974 -9932
-9973 -9967
-9933 -9931
-9982 -9936
-9981 -9971
-9954 -9954
-9962 -9958
-9989 -9975
-9961 -9993
-9970 -9962
-9969 -9997
-9942 -9980
-9950 -9984
-9941 -9935
-9958 -9988
-9992 -9981
-10000 -9985
-9940 -9934
-9948 -9938
-9947 -9973
-9968 -9996
-9977 -9965
-9976 -10000
-9936 -9964
-9990 -9935
-9944 -9968
-9935 -9999
-9998 -9939
-9965 -9991
-9978 -9961
-9932 -9994
-9999 -9984
-9959 -9948
-9967 -9952
-9947 -9937
-9996 -9979
-9955 -9978
-9935 -9963
-9944 -9932
-9943 -9967
-9997 -9938
-9951 -9971
-9932 -9958
-9931 -9993
-9985 -9964
-9939 -9997
-9966 -9951
-9993 -9968
-9974 -9955
-9973 -9990
-9955 -9942
-9982 -9959
-9981 -9994
-9963 -9946
-9962 -9981
-9989 -9998
-9954 -9977
-9970 -9985
-9952 -9931
-9960 -9935
-9981 -9958
-9940 -9957
-9989 -9962
-9948 -9961
-9969 -9984
-9977 -9988
-9937 -9952
-9936 -9987
-9971 -9945
-9992 -9968
-9979 -9949
-10000 -9972
-9959 -9971
-9980 -9994
-9988 -9998
-9947 -9960
-9936 -9951
-9935 -9986
-9944 -9955
-9943 -9990
-9997 -9961
-9951 -9994
-9978 -9948
-9932 -9981
-9959 -9935
-9986 -9952
-9985 -9987
-9967 -9939
-9966 -9974
-9993 -9991
-9974 -9978
-9955 -9965
-9982 -9982
-9954 -10000
-9963 -9969
-9951 -9958
-9985 -9951
-9972 -9932
-9939 -9984
-9993 -9955
-9952 -9954
-9973 -9977
-9933 -9941
-9982 -9946
-9981 -9981
-9941 -9945
-9940 -9980
-9989 -9985
-9975 -9938
-9970 -9972
-9983 -9942
-9950 -9994
-9958 -9998
-9992 -9991
-10000 -9995
-9940 -9944
-9948 -9948
-9947 -9983
-9937 -9939
-9936 -9974
-9990 -9945
-9944 -9978
-9971 -9932
-9998 -9949
-9979 -9936
-9978 -9971
-9959 -9958
-9986 -9975
-9967 -9962
-9966 -9997
-9955 -9988
-9963 -9992
-9943 -9977
-9997 -9948
-9956 -9947
-9951 -9981
-9986 -9939
-9985 -9974
-9945 -9938
-9993 -9978
-9953 -9942
-9974 -9965
-9973 -10000
-9933 -9964
-9987 -9935
-9982 -9969
-9963 -9956
-9962 -9991
-9954 -9987
-9970 -9995
-9952 -9941
-9960 -9945
-9941 -9932
-9940 -9967
-9994 -9938
-9948 -9971
-9977 -9998
-9937 -9962
-9991 -9933
-9990 -9968
-9936 -9997
-9971 -9955
-9979 -9959
-9978 -9994
-9959 -9981
-9967 -9985
-9947 -9970
-9935 -9996
-9990 -9932
-9949 -9931
-9944 -9965
-9998 -9936
-9997 -9971
-9957 -9935
-9978 -9958
-9943 -10000
-9932 -9991
-9986 -9962
-9985 -9997
-9967 -9949
-9966 -9984
-9974 -9988
-9934 -9952
-9955 -9975
-9982 -9992
-9963 -9979
-9956 -9934
-9964 -9938
-9972 -9942
-9952 -9964
-9933 -9951
-9960 -9968
-9981 -9991
-9941 -9955
-9940 -9990
-9994 -9961
-9989 -9995
-9975 -9948
-9948 -9994
-9983 -9952
-9937 -9985
-9991 -9956
-9971 -9978
-9979 -9982
-9960 -9932
-9948 -9958
-9947 -9993
-9936 -9984
-9990 -9955
-9944 -9988
-9971 -9942
-9998 -9959
-9997 -9994
-9979 -9946
-9978 -9981
-9938 -9945
-9959 -9968
-9986 -9985
-9967 -9972
-9955 -9998
-9968 -9931
-9976 -9935
-9956 -9957
-9951 -9991
-9964 -9961
-9985 -9984
-9945 -9948
-9993 -9988
-9953 -9952
-9952 -9987
-9934 -9939
-9933 -9974
-9987 -9945
-9982 -9979
-9941 -9978
-9995 -9949
-9975 -9971
-9984 -9940
-9983 -9975
-9952 -9951
-9960 -9955
-9940 -9977
-9994 -9948
-9948 -9981
-9975 -9935
-9983 -9939
-9942 -9938
-9937 -9972
-9991 -9943
-9990 -9978
-9971 -9965
-9998 -9982
-9979 -9969
-9959 -9991
-9967 -9995
-9968 -9954
-9949 -9941
-9998 -9946
-9997 -9981
-9957 -9945
-9956 -9980
-9965 -9949
-9938 -9932
-9986 -9972
-9946 -9936
-9945 -9971
-9999 -9942
-9966 -9994
-9953 -9975
-9974 -9998
-9934 -9962
-9988 -9933
-9987 -9968
-9933 -9997
-9996 -9937
-9963 -9989
-9956 -9944
-9964 -9948
-9945 -9935
-9972 -9952
-9953 -9939
-9952 -9974
-9933 -9961
-9960 -9978
-9987 -9932
-9941 -9965
-9940 -10000
-9995 -9936
-9994 -9971
-9975 -9958
-9983 -9962
-9937 -9995
-9991 -9966
-9971 -9988
-9979 -9992
-9961 -9938
-9969 -9942
-9936 -9994
-9990 -9965
-9949 -9964
-9944 -9998
-9998 -9969
-9958 -9933
-9957 -9968
-9978 -9991
-9938 -9955
-9986 -9995
-9946 -9959
-9967 -9982
-9980 -9952
-9934 -9985
-9968 -9941
-9976 -9945
-9957 -9932
-9956 -9967
-9965 -9936
-9964 -9971
-9945 -9958
-9972 -9975
-9993 -9998
-9953 -9962
-9952 -9997
-9934 -9949
-9933 -9984
-9987 -9955
-9941 -9988
-9995 -9959
-9994 -9994
-9975 -9981
-9984 -9950
-9983 -9985
-9991 -9989
-9931 -9938
-9939 -9942
-9960 -9965
-9973 -9935
-9940 -9987
-9994 -9958
-9948 -9991
-9961 -9961
-9942 -9948
-9937 -9982
-9991 -9953
-9990 -9988
-9950 -9952
-9971 -9975
-9998 -9992
-9958 -9956
-9979 -9979
-9938 -9978
-9968 -9964
-9977 -9933
-9976 -9968
-9949 -9951
-9997 -9991
-9957 -9955
-9956 -9990
-9965 -9959
-9964 -9994
-9946 -9946
-9945 -9981
-9938 -9942
-9999 -9952
-9953 -9985
-9980 -9939
-9934 -9972
-9988 -9943
-9987 -9978
-9996 -9947
-9995 -9982
-9935 -9931
-9984 -9973
-9943 -9935
-9964 -9958
-9972 -9962
-9931 -9961
-9952 -9984
-9960 -9988
-9941 -9975
-9995 -9946
-9994 -9981
-9954 -9945
-9975 -9968
-9983 -9972
-9942 -9971
-9991 -9976
-9971 -9998
-9961 -9948
-9942 -9935
-9969 -9952
-9968 -9987
-9950 -9939
-9977 -9956
-9949 -9974
-9998 -9979
-9958 -9943
-9957 -9978
-9938 -9965
-9965 -9982
-9992 -9936
-9946 -9969
-10000 -9940
-9999 -9975
-9980 -9962
-9934 -9995
-9988 -9966
-9968 -9951
-9996 -9970
-9976 -9955
-9935 -9954
-9956 -9977
-9965 -9946
-9964 -9981
-9945 -9968
-9972 -9985
-9999 -9939
-9953 -9972
-9932 -9949
-9933 -9994
-9987 -9965
-9941 -9998
-9996 -9934
-9995 -9969
-9955 -9933
-9975 -9991
-9984 -9960
-9983 -9995
-9991 -9999
-9931 -9948
-9939 -9952
-9973 -9945
-9954 -9932
-9981 -9949
-9962 -9936
-9989 -9953
-9961 -9971
-9970 -9940
-9969 -9975
-9942 -9958
-9990 -9998
-9950 -9962
-9949 -9997
-9958 -9966
-9979 -9989
-9938 -9988
-9992 -9959
-9946 -9992
-10000 -9963
-9980 -9985
-9969 -9939
-9968 -9974
-9977 -9943
-9976 -9978
-9949 -9961
-9957 -9965
-9956 -10000
-9936 -9942
-9965 -9969
-9946 -9956
-9945 -9991
-9999 -9962
-9953 -9995
-9980 -9949
-9934 -9982
-9988 -9953
-9987 -9988
-9996 -9957
-9995 -9992
-9935 -9941
-9984 -9983
-9943 -9945
-9951 -9949
-9972 -9972
-9932 -9936
-9931 -9971
-9985 -9942
-9939 -9975
-9993 -9946
-9960 -9998
-9974 -9933
-9973 -9968
-9994 -9991
-9982 -9937
-9954 -9955
-9962 -9959
-9983 -9982
-9970 -9963
-9942 -9981
-9991 -9986
-9950 -9985
-9939 -9939
-9973 -9932
-9981 -9936
-9940 -9935
-9989 -9940
-9961 -9958
-9969 -9962
-9968 -9997
-9950 -9949
-9977 -9966
-9949 -9984
-9958 -9953
-9957 -9988
-9938 -9975
-9965 -9992
-9992 -9946
-9946 -9979
-10000 -9950
-9999 -9985
-9980 -9972
-9988 -9976
-9947 -9938
-9996 -9980
-9976 -9965
-9935 -9964
-9956 -9987
-9944 -9933
-9943 -9968
-9964 -9991
-9972 -9995
-9932 -9959
-9953 -9982
-9966 -9952
-9987 -9975
-9974 -9956
-9995 -9979
-9955 -9943
-9954 -9978
-9963 -9947
-9984 -9970
-9943 -9932
-9951 -9936
-9931 -9958
-9939 -9962
-9993 -9933
-9973 -9955
-9954 -9942
-9981 -9959
-9962 -9946
-9989 -9963
-9961 -9981
-9970 -9950
-9969 -9985
-9942 -9968
-9950 -9972
-9977 -9989
-9958 -9976
-9938 -9998
-9992 -9969
-10000 -9973
-9980 -9995
-9988 -9999
-9947 -9961
-9968 -9984
-9977 -9953
-9976 -9988
-9936 -9952
-9957 -9975
-9944 -9956
-9965 -9979
-9978 -9949
-9999 -9972
-9959 -9936
-9967 -9940
-9988 -9963
-9987 -9998
-9996 -9967
-9955 -9966
-9935 -9951
-9984 -9993
-9943 -9955
-9951 -9959
-9932 -9946
-9931 -9981
-9985 -9952
-9939 -9985
-9966 -9939
-9993 -9956
-9974 -9943
-9973 -9978
-9982 -9947
-9981 -9982
-9963 -9934
-9962 -9969
-9954 -9965
-9970 -9973
-9942 -9991
-9950 -9995
-9958 -9999
-9992 -9992
-9981 -9946
-9940 -9945
-9989 -9950
-9961 -9968
-9948 -9949
-9969 -9972
-9977 -9976
-9949 -9994
-9958 -9963
-9957 -9998
-9937 -9940
-9971 -9933
-9992 -9956
-9979 -9937
-9946 -9989
-10000 -9960
-9999 -9995
-9959 -9959
-9980 -9982
-9988 -9986
-9947 -9948
-9996 -9990
-9936 -9939
-9935 -9974
-9944 -9943
-9943 -9978
-9997 -9949
-9951 -9982
-9978 -9936
-9932 -9969
-9986 -9940
-9985 -9975
-9966 -9962
-9974 -9966
-9955 -9953
-9982 -9970
-9954 -9988
-9963 -9957
-9962 -9992
-9951 -9946
-9931 -9968
-9985 -9939
-9939 -9972
-9993 -9943
-9952 -9942
-9973 -9965
-9982 -9934
-9981 -9969
-9941 -9933
-9962 -9956
-9989 -9973
-9961 -9991
-9970 -9960
-9969 -9995
-9950 -9982
-9977 -9999
-9958 -9986
-9992 -9979
-10000 -9983
-9940 -9932
-9948 -9936
-9947 -9971
-9976 -9998
-9936 -9962
-9990 -9933
-9944 -9966
-9935 -9997
-9998 -9937
-9978 -9959
-9932 -9992
-9959 -9946
-9986 -9963
-9967 -9950
-9966 -9985
-9996 -9977
-9955 -9976
-9935 -9961
-9963 -9980
-9943 -9965
-9997 -9936
-9956 -9935
-9951 -9969
-9932 -9956
-9931 -9991
-9985 -9962
-9939 -9995
-9966 -9949
-9993 -9966
-9974 -9953
-9973 -9988
-9933 -9952
-9982 -9957
-9981 -9992
-9963 -9944
-9962 -9979
-9989 -9996
-9954 -9975
-9970 -9983
-9960 -9933
-9940 -9955
-9989 -9960
-9948 -9959
-9947 -9994
-9977 -9986
-9937 -9950
-9936 -9985
-9990 -9956
-9971 -9943
-9979 -9947
-10000 -9970
-9959 -9969
-9967 -9973
-9988 -9996
-9947 -9958
-9996 -10000
-9955 -9999
-9936 -9949
-9935 -9984
-9944 -9953
-9943 -9988
-9997 -9959
-9951 -9992
-9978 -9946
-9932 -9979
-9986 -9950
-9985 -9985
-9967 -9937
-9966 -9972
-9993 -9989
-9974 -9976
-9934 -9940
-9955 -9963
-9982 -9980
-9954 -9998
-9963 -9967
-9993 -9953
-9952 -9952
-9933 -9939
-9960 -9956
-9981 -9979
-9941 -9943
-9940 -9978
-9994 -9949
-9989 -9983
-9975 -9936
-9983 -9940
-9937 -9973
-9991 -9944
-9958 -9996
-9971 -9966
-9992 -9989
-10000 -9993
-9959 -9992
-9940 -9942
-9948 -9946
-9947 -9981
-9937 -9937
-9936 -9972
-9990 -9943
-9944 -9976
-9998 -9947
-9997 -9982
-9979 -9934
-9978 -9969
-9938 -9933
-9959 -9956
-9986 -9973
-9967 -9960
-9966 -9995
-9974 -9999
-9955 -9986
-9963 -9990
-9997 -9946
-9956 -9945
-9951 -9979
-9964 -9949
-9985 -9972
-9945 -9936
-9993 -9976
-9953 -9940
-9974 -9963
-9973 -9998
-9933 -9962
-9987 -9933
-9982 -9967
-9941 -9966
-9995 -9937
-9962 -9989
-9975 -9959
-9970 -9993
-9952 -9939
-9960 -9943
-9940 -9965
-9994 -9936
-9948 -9969
-9937 -9960
-9936 -9995
-9991 -9931
-9990 -9966
-9944 -9999
-9971 -9953
-9998 -9970
-9979 -9957
-9978 -9992
-9959 -9979
-9986 -9996
-9967 -9983
-9968 -9942
-9935 -9994
-9943 -9998
-9998 -9934
-9997 -9969
-9957 -9933
-9978 -9956
-9965 -9937
-9932 -9989
-9986 -9960
-9985 -9995
-9945 -9959
-9966 -9982
-9993 -9999
-9974 -9986
-9934 -9950
-9933 -9985
-9982 -9990
-9963 -9977
-9956 -9932
-9964 -9936
-9972 -9940
-9952 -9962
-9933 -9949
-9960 -9966
-9941 -9953
-9940 -9988
-9994 -9959
-9989 -9993
-9975 -9946
-9948 -9992
-9983 -9950
-9937 -9983
-9991 -9954
-9990 -9989
-9971 -9976
-9979 -9980
-9947 -9991
-9936 -9982
-9990 -9953
-9949 -9952
-9944 -9986
-9998 -9957
-9997 -9992
-9979 -9944
-9978 -9979
-9938 -9943
-9986 -9983
-9946 -9947
-9967 -9970
-9980 -9940
-9955 -9996
-9963 -10000
-9976 -9933
-9956 -9955
-9964 -9959
-9945 -9946
-9972 -9963
-9993 -9986
-9953 -9950
-9952 -9985
-9934 -9937
-9960 -9989
-9987 -9943
-9941 -9976
-9933 -9972
-9995 -9947
-9994 -9982
-9975 -9969
-9984 -9938
-9983 -9973
-9971 -9999
-9960 -9953
-9940 -9975
-9994 -9946
-9948 -9979
-9983 -9937
-9942 -9936
-9937 -9970
-9991 -9941
-9990 -9976
-9950 -9940
-9971 -9963
-9998 -9980
-9979 -9967
-9959 -9989
-9967 -9993
-9968 -9952
-9949 -9939
-9976 -9956
-9997 -9979
-9957 -9943
-9956 -9978
-9965 -9947
-9964 -9982
-9946 -9934
-9945 -9969
-9999 -9940
-9953 -9973
-9974 -9996
-9934 -9960
-9988 -9931
-9987 -9966
-9982 -10000
-9996 -9935
-9941 -9999
-9933 -9995
-9975 -9992
-9984 -9961
-9964 -9946
-9972 -9950
-9953 -9937
-9952 -9972
-9960 -9976
-9941 -9963
-9940 -9998
-9995 -9934
-9994 -9969
-9954 -9933
-9975 -9956
-9983 -9960
-9937 -9993
-9991 -9964
-9990 -9999
-9971 -9986
-9979 -9990
-9961 -9936
-9969 -9940
-9968 -9975
-9977 -9944
-9949 -9962
-9998 -9967
-9958 -9931
-9957 -9966
-9978 -9989
-9965 -9970
-9944 -9996
-9986 -9993
-9946 -9957
-9945 -9992
-9938 -9953
-9980 -9950
-9934 -9983
-9988 -9954
-9968 -9939
-9976 -9943
-9956 -9965
-9965 -9934
-9964 -9969
-9945 -9956
-9972 -9973
-9953 -9960
-9952 -9995
-9933 -9982
-9960 -9999
-9987 -9953
-9941 -9986
-9995 -9957
-9994 -9992
-9975 -9979
-9984 -9948
-9983 -9983
-9991 -9987
-9931 -9936
-9939 -9940
-9973 -9933
-9981 -9937
-9948 -9989
-9961 -9959
-9942 -9946
-9969 -9963
-9990 -9986
-9950 -9950
-9949 -9985
-9998 -9990
-9958 -9954
-9979 -9977
-9938 -9976
-9992 -9947
-9959 -9999
-9946 -9980
-9980 -9973
-9968 -9962
-9977 -9931
-9976 -9966
-9949 -9949
-9957 -9953
-9956 -9988
-9965 -9957
-9964 -9992
-9946 -9944
-9945 -9979
-9972 -9996
-9999 -9950
-9953 -9983
-9980 -9937
-9934 -9970
-9988 -9941
-9987 -9976
-9996 -9945
-9995 -9980
-9984 -9971
-9943 -9933
-9951 -9937
-9972 -9960
-9931 -9959
-9952 -9982
-9939 -9963
-9960 -9986
-9994 -9979
-9954 -9943
-9962 -9947
-9983 -9970
-9942 -9969
-9991 -9974
-9950 -9973
-9971 -9996
-9979 -10000
-9961 -9946
-9969 -9950
-9968 -9985
-9950 -9937
-9977 -9954
-9976 -9989
-9958 -9941
-9957 -9976
-9949 -9972
-9938 -9963
-9965 -9980
-9992 -9934
-9946 -9967
-10000 -9938
-9999 -9973
-9980 -9960
-9934 -9993
-9988 -9964
-9987 -9999
-9996 -9968
-9976 -9953
-9935 -9952
-9956 -9975
-9984 -9994
-9943 -9956
-9964 -9979
-9972 -9983
-9932 -9947
-9953 -9970
-9966 -9940
-9933 -9992
-9987 -9963
-9941 -9996
-9996 -9932
-9995 -9967
-9955 -9931
-9954 -9966
-9975 -9989
-9963 -9935
-9984 -9958
-9983 -9993
-9991 -9997
-9931 -9946
-9939 -9950
-9973 -9943
-9981 -9947
-9962 -9934
-9989 -9951
-9961 -9969
-9970 -9938
-9969 -9973
-9942 -9956
-9990 -9996
-9977 -9977
-9950 -9960
-9998 -10000
-9958 -9964
-9957 -9999
-9949 -9995
-9938 -9986
-9992 -9957
-9946 -9990
-10000 -9961
-9980 -9983
-9988 -9987
-9947 -9949
-9968 -9972
-9977 -9941
-9976 -9976
-9936 -9940
-9957 -9963
-9956 -9998
-9965 -9967
-9945 -9989
-9999 -9960
-9953 -9993
-9934 -9980
-9988 -9951
-9987 -9986
-9996 -9955
-9995 -9990
-9955 -9954
-9935 -9939
-9984 -9981
-9943 -9943
-9951 -9947
-9932 -9934
-9931 -9969
-9985 -9940
-9939 -9973
-9993 -9944
-9960 -9996
-9974 -9931
-9973 -9966
-9994 -9989
-9982 -9935
-9981 -9970
-9962 -9957
-9961 -9992
-9954 -9953
-9970 -9961
-9942 -9979
-9991 -9984
-9950 -9983
-9958 -9987
-9992 -9980
-9981 -9934
-9940 -9933
-9989 -9938
-9961 -9956
-9969 -9960
-9968 -9995
-9977 -9964
-9976 -9999
-9958 -9951
-9957 -9986
-9949 -9982
-9938 -9973
-9965 -9990
-9992 -9944
-9946 -9977
-10000 -9948
-9999 -9983
-9959 -9947
-9980 -9970
-9988 -9974
-9947 -9936
-9996 -9978
-9935 -9962
-9944 -9931
-9943 -9966
-9997 -9937
-9964 -9989
-9951 -9970
-9972 -9993
-9932 -9957
-9931 -9992
-9985 -9963
-9966 -9950
-9974 -9954
-9995 -9977
-9982 -9958
-9955 -9941
-9963 -9945
-9962 -9980
-9954 -9976
-9951 -9934
-9931 -9956
-9939 -9960
-9993 -9931
-9973 -9953
-9981 -9957
-9962 -9944
-9989 -9961
-9961 -9979
-9970 -9948
-9969 -9983
-9942 -9966
-9950 -9970
-9977 -9987
-9958 -9974
-9938 -9996
-9992 -9967
-9946 -10000
-10000 -9971
-9980 -9993
-9988 -9997
-9947 -9959
-9968 -9982
-9976 -9986
-9936 -9950
-9935 -9985
-9944 -9954
-9965 -9977
-9978 -9947
-9932 -9980
-9999 -9970
-9986 -9951
-9959 -9934
-9967 -9938
-9966 -9973
-9987 -9996
-9996 -9965
-9995 -10000
-9955 -9964
-9935 -9949
-9963 -9968
-9984 -9991
-9943 -9953
-9951 -9957
-9932 -9944
-9931 -9979
-9985 -9950
-9939 -9983
-9966 -9937
-9993 -9954
-9974 -9941
-9973 -9976
-9933 -9940
-9982 -9945
-9981 -9980
-9963 -9932
-9962 -9967
-9989 -9984
-9954 -9963
-9970 -9971
-9942 -9989
-9950 -9993
-9958 -9997
-9992 -9990
-10000 -9994
-9940 -9943
-9989 -9948
-9948 -9947
-9969 -9970
-9977 -9974
-9937 -9938
-9936 -9973
-9990 -9944
-9957 -9996
-9971 -9931
-9965 -10000
-9979 -9935
-9946 -9987
-10000 -9958
-9999 -9993
-9959 -9957
-9980 -9980
-9967 -9961
-9988 -9984
-9947 -9946
-9996 -9988
-9936 -9937
-9935 -9972
-9944 -9941
-9943 -9976
-9997 -9947
-9951 -9980
-9978 -9934
-9932 -9967
-9986 -9938
-9985 -9973
-9966 -9960
-9993 -9977
-9974 -9964
-9973 -9999
-9955 -9951
-9982 -9968
-9954 -9986
-9963 -9955
-9962 -9990
-9970 -9994
-9939 -9970
-9993 -9941
-9952 -9940
-9973 -9963
-9960 -9944
-9981 -9967
-9941 -9931
-9940 -9966
-9994 -9937
-9989 -9971
-9970 -9958
-9969 -9993
-9961 -9989
-9950 -9980
-9977 -9997
-9937 -9961
-9958 -9984
-9971 -9954
-9992 -9977
-10000 -9981
-9948 -9934
-9947 -9969
-9936 -9960
-9935 -9995
-9990 -9931
-9944 -9964
-9943 -9999
-9998 -9935
-9997 -9970
-9978 -9957
-9932 -9990
-9959 -9944
-9986 -9961
-9967 -9948
-9966 -9983
-9974 -9987
-9955 -9974
-9963 -9978
-9943 -9963
-9997 -9934
-9956 -9933
-9951 -9967
-9964 -9937
-9931 -9989
-9985 -9960
-9939 -9993
-9993 -9964
-9974 -9951
-9973 -9986
-9933 -9950
-9982 -9955
-9981 -9990
-9954 -9973
-9962 -9977
-9989 -9994
-9941 -9954
-9975 -9947
-9970 -9981
-9942 -9999
-9992 -10000
-9960 -9931
-9940 -9953
-9948 -9957
-9947 -9992
-9937 -9948
-9936 -9983
-9990 -9954
-9944 -9987
-9971 -9941
-9998 -9958
-9979 -9945
-9978 -9980
-9959 -9967
-9967 -9971
-9947 -9956
-9996 -9998
-9955 -9997
-9935 -9982
-9944 -9951
-9943 -9986
-9997 -9957
-9951 -9990
-9978 -9944
-9932 -9977
-9986 -9948
-9985 -9983
-9945 -9947
-9966 -9970
-9993 -9987
-9974 -9974
-9934 -9938
-9955 -9961
-9982 -9978
-9954 -9996
-9963 -9965
-9962 -10000
-9952 -9950
-9933 -9937
-9960 -9954
-9941 -9941
-9940 -9976
-9994 -9947
-9989 -9981
-9975 -9934
-9948 -9980
-9983 -9938
-9937 -9971
-9991 -9942
-9971 -9964
-9979 -9968
-10000 -9991
-9959 -9990
-9948 -9944
-9947 -9979
-9936 -9970
-9990 -9941
-9949 -9940
-9944 -9974
-9998 -9945
-9997 -9980
-9979 -9932
-9978 -9967
-9938 -9931
-9959 -9954
-9986 -9971
-9946 -9935
-9967 -9958
-9966 -9993
-9932 -10000
-9974 -9997
-9955 -9984
-9963 -9988
-9956 -9943
-9964 -9947
-9985 -9970
-9972 -9951
-9945 -9934
-9993 -9974
-9953 -9938
-9952 -9973
-9973 -9996
-9933 -9960
-9987 -9931
-9982 -9965
-9981 -10000
-9995 -9935
-9941 -9964
-9940 -9999
-9975 -9957
-9970 -9991
-9983 -9961
-9937 -9994
-9952 -9937
-9960 -9941
-9940 -9963
-9994 -9934
-9948 -9967
-9937 -9958
-9936 -9993
-9990 -9964
-9944 -9997
-9971 -9951
-9998 -9968
-9979 -9955
-9978 -9990
-9959 -9977
-9986 -9994
-9967 -9981
-9968 -9940
-9976 -9944
-9943 -9996
-9997 -9967
-9957 -9931
-9956 -9966
-9965 -9935
-9951 -10000
-9986 -9958
-9985 -9993
-9945 -9957
-9993 -9997
-9953 -9961
-9974 -9984
-9934 -9948
-9933 -9983
-9987 -9954
-9982 -9988
-9941 -9987
-9984 -9949
-9964 -9934
-9972 -9938
-9952 -9960
-9933 -9947
-9960 -9964
-9941 -9951
-9940 -9986
-9994 -9957
-9948 -9990
-9975 -9944
-9983 -9948
-9937 -9981
-9991 -9952
-9990 -9987
-9971 -9974
-9979 -9978
-9959 -10000
-9947 -9989
-9990 -9951
-9977 -9932
-9949 -9950
-9998 -9955
-9997 -9990
-9957 -9954
-9978 -9977
-9944 -9984
-9938 -9941
-9986 -9981
-9946 -9945
-9980 -9938
-9934 -9971
-9988 -9942
-9955 -9994
-9963 -9998
-9976 -9931
-9956 -9953
-9964 -9957
-9945 -9944
-9972 -9961
-9953 -9948
-9952 -9983
-9934 -9935
-9933 -9970
-9960 -9987
-9987 -9941
-9941 -9974
-9995 -9945
-9994 -9980
-9975 -9967
-9984 -9936
-9983 -9971
-9991 -9975
-9971 -9997
-9960 -9951
-9994 -9944
-9948 -9977
-9961 -9947
-9942 -9934
-9991 -9939
-9990 -9974
-9950 -9938
-9998 -9978
-9958 -9942
-9979 -9965
-9978 -10000
-9938 -9964
-9992 -9935
-9959 -9987
-9967 -9991
-9968 -9950
-9949 -9937
-9976 -9954
-9957 -9941
-9956 -9976
-9965 -9945
-9964 -9980
-9946 -9932
-9945 -9967
-9972 -9984
-9999 -9938
-9953 -9971
-9934 -9958
-9933 -9993
-9987 -9964
-9982 -9998
-9996 -9933
-9995 -9968
-9941 -9997
-9975 -9990
-9984 -9959
-9983 -9994
-9964 -9944
-9972 -9948
-9931 -9947
-9952 -9970
-9960 -9974
-9940 -9996
-9995 -9932
-9994 -9967
-9954 -9931
-9948 -10000
-9962 -9935
-9983 -9958
-9942 -9957
-9937 -9991
-9991 -9962
-9990 -9997
-9971 -9984
-9979 -9988
-9961 -9934
-9969 -9938
-9968 -9973
-9977 -9942
-9976 -9977
-9949 -9960
-9997 -10000
-9957 -9964
-9956 -9999
-9965 -9968
-9938 -9951
-9986 -9991
-9946 -9955
-9945 -9990
-9999 -9961
-9953 -9994
-9980 -9948
-9934 -9981
-9988 -9952
-9987 -9987
-9968 -9937
-9996 -9956
-9976 -9941
-9935 -9940
-9956 -9963
-9984 -9982
-9965 -9932
-9964 -9967
-9972 -9971
-9932 -9935
-9953 -9958
-9952 -9993
-9933 -9980
-9960 -9997
-9987 -9951
-9941 -9984
-9995 -9955
-9994 -9990
-9975 -9977
-9984 -9946
-9983 -9981
-9991 -9985
-9931 -9934
-9939 -9938
-9973 -9931
-9981 -9935
-9989 -9939
-9961 -9957
-9942 -9944
-9969 -9961
-9990 -9984
-9950 -9948
-9949 -9983
-9998 -9988
-9958 -9952
-9957 -9987
-9938 -9974
-9992 -9945
-9946 -9978
-10000 -9949
-9980 -9971
-9988 -9975
-9968 -9960
-9976 -9964
-9957 -9951
-9956 -9986
-9965 -9955
-9964 -9990
-9946 -9942
-9945 -9977
-9972 -9994
-9999 -9948
-9953 -9981
-9980 -9935
-9934 -9968
-9988 -9939
-9987 -9974
-9996 -9943
-9995 -9978
-9975 -10000
-9984 -9969
-9943 -9931
-9951 -9935
-9931 -9957
-9939 -9961
-9993 -9932
-9960 -9984
-9973 -9954
-9994 -9977
-9954 -9941
-9962 -9945
-9961 -9980
-9970 -9949
-9942 -9967
-9991 -9972
-9950 -9971
-9971 -9994
-9958 -9975
-9979 -9998
-9938 -9997
-9961 -9944
-9969 -9948
-9968 -9983
-9950 -9935
-9977 -9952
-9976 -9987
-9958 -9939
-9957 -9974
-9949 -9970
-9938 -9961
-9965 -9978
-9992 -9932
-9946 -9965
-9945 -10000
-10000 -9936
-9999 -9971
-9980 -9958
-9934 -9991
-9988 -9962
-9987 -9997
-9996 -9966
-9935 -9950
-9984 -9992
-9943 -9954
-9964 -9977
-9972 -9981
-9932 -9945
-9931 -9980
-9966 -9938
-9974 -9942
-9941 -9994
-9995 -9965
-9994 -10000
-9954 -9964
-9975 -9987
-9963 -9933
-9962 -9968
-9983 -9991
-9942 -9990
-9991 -9995
-9931 -9944
-9939 -9948
-9973 -9941
-9981 -9945
-9962 -9932
-9989 -9949
-9961 -9967
-9970 -9936
-9969 -9971
-9942 -9954
-9950 -9958
-9977 -9975
-9949 -9993
-9998 -9998
-9958 -9962
-9957 -9997
-9938 -9984
-9992 -9955
-9946 -9988
-10000 -9959
-9999 -9994
-9980 -9981
-9988 -9985
-9947 -9947
-9968 -9970
-9996 -9989
-9976 -9974
-9936 -9938
-9935 -9973
-9956 -9996
-9944 -9942
-9965 -9965
-9964 -10000
-9978 -9935
-9945 -9987
-9999 -9958
-9953 -9991
-9932 -9968
-9966 -9961
-9987 -9984
-9996 -9953
-9995 -9988
-9955 -9952
-9935 -9937
-9984 -9979
-9943 -9941
-9951 -9945
-9932 -9932
-9931 -9967
-9985 -9938
-9939 -9971
-9993 -9942
-9973 -9964
-9982 -9933
-9981 -9968
-9954 -9951
-9962 -9955
-9989 -9972
-9961 -9990
-9970 -9959
-9969 -9994
-9942 -9977
-9950 -9981
-9958 -9985
-9992 -9978
-10000 -9982
-9940 -9931
-9989 -9936
-9948 -9935
-9969 -9958
-9968 -9993
-9977 -9962
-9976 -9997
-9949 -9980
-9957 -9984
-9936 -9961
-9965 -9988
-9946 -9975
-10000 -9946
-9999 -9981
-9959 -9945
-9980 -9968
-9988 -9972
-9947 -9934
-9996 -9976
-9935 -9960
-9943 -9964
-9997 -9935
-9951 -9968
-9972 -9991
-9932 -9955
-9931 -9990
-9985 -9961
-9939 -9994
-9966 -9948
-9993 -9965
-9974 -9952
-9973 -9987
-9955 -9939
-9982 -9956
-9954 -9974
-9963 -9943
-9962 -9978
-9970 -9982
-9942 -10000
-9939 -9958
-9973 -9951
-9981 -9955
-9940 -9954
-9989 -9959
-9961 -9977
-9970 -9946
-9969 -9981
-9950 -9968
-9977 -9985
-9937 -9949
-9958 -9972
-9938 -9994
-9992 -9965
-9946 -9998
-10000 -9969
-9980 -9991
-9988 -9995
-9947 -9957
-9996 -9999
-9976 -9984
-9936 -9948
-9935 -9983
-9944 -9952
-9943 -9987
-9997 -9958
-9978 -9945
-9932 -9978
-9959 -9932
-9986 -9949
-9967 -9936
-9966 -9971
-9987 -9994
-9974 -9975
-9995 -9998
-9955 -9962
-9954 -9997
-9963 -9966
-9984 -9989
-9943 -9951
-9951 -9955
-9931 -9977
-9985 -9948
-9939 -9981
-9993 -9952
-9974 -9939
-9973 -9974
-9933 -9938
-9982 -9943
-9981 -9978
-9954 -9961
-9962 -9965
-9989 -9982
-9961 -10000
-9970 -9969
-9942 -9987
-9941 -9942
-9950 -9991
-9958 -9995
-9992 -9988
-10000 -9992
-9940 -9941
-9948 -9945
-9947 -9980
-9977 -9972
-9937 -9936
-9936 -9971
-9990 -9942
-9957 -9994
-9944 -9975
-9965 -9998
-9979 -9933
-9978 -9968
-9999 -9991
-9959 -9955
-9967 -9959
-9988 -9982
-9947 -9944
-9996 -9986
-9955 -9985
-9935 -9970
-9944 -9939
-9943 -9974
-9997 -9945
-9951 -9978
-9978 -9932
-9932 -9965
-9931 -10000
-9986 -9936
-9985 -9971
-9966 -9958
-9993 -9975
-9974 -9962
-9973 -9997
-9955 -9949
-9982 -9966
-9954 -9984
-9963 -9953
-9962 -9988
-9970 -9992
-9952 -9938
-9960 -9942
-9981 -9965
-9940 -9964
-9994 -9935
-9989 -9969
-9961 -9987
-9969 -9991
-9948 -9968
-9977 -9995
-9937 -9959
-9958 -9982
-9971 -9952
-9992 -9975
-9979 -9956
-10000 -9979
-9959 -9978
-9948 -9932
-9947 -9967
-9936 -9958
-9935 -9993
-9944 -9962
-9943 -9997
-9998 -9933
-9997 -9968
-9978 -9955
-9932 -9988
-9959 -9942
-9986 -9959
-9985 -9994
-9967 -9946
-9966 -9981
-9974 -9985
-9955 -9972
-9982 -9989
-9963 -9976
-9956 -9931
-9951 -9965
-9964 -9935
-9985 -9958
-9972 -9939
-9939 -9991
-9993 -9962
-9952 -9961
-9973 -9984
-9933 -9948
-9982 -9953
-9981 -9988
-9941 -9952
-9962 -9975
-9989 -9992
-9975 -9945
-9970 -9979
-9983 -9949
-9992 -9998
-9940 -9951
-9948 -9955
-9947 -9990
-9937 -9946
-9936 -9981
-9990 -9952
-9944 -9985
-9971 -9939
-9998 -9956
-9979 -9943
-9978 -9978
-9959 -9965
-9986 -9982
-9967 -9969
-9955 -9995
-9963 -9999
-9976 -9932
-9943 -9984
-9997 -9955
-9956 -9954
-9951 -9988
-9932 -9975
-9986 -9946
-9985 -9981
-9945 -9945
-9966 -9968
-9993 -9985
-9953 -9949
-9974 -9972
-9934 -9936
-9933 -9971
-9987 -9942
-9982 -9976
-9963 -9963
-9962 -9998
-9954 -9994
-9984 -9937
-9952 -9948
-9933 -9935
-9960 -9952
-9941 -9939
-9940 -9974
-9994 -9945
-9989 -9979
-9975 -9932
-9948 -9978
-9983 -9936
-9937 -9969
-9991 -9940
-9990 -9975
-9971 -9962
-9979 -9966
-9959 -9988
-9967 -9992
-9947 -9977
-9936 -9968
-9990 -9939
-9949 -9938
-9944 -9972
-9998 -9943
-9997 -9978
-9957 -9942
-9978 -9965
-9932 -9998
-9986 -9969
-9946 -9933
-9967 -9956
-9966 -9991
-9974 -9995
-9934 -9959
-9955 -9982
-9982 -9999
-9963 -9986
-9956 -9941
-9964 -9945
-9945 -9932
-9972 -9949
-9993 -9972
-9953 -9936
-9952 -9971
-9933 -9958
-9960 -9975
-9981 -9998
-9941 -9962
-9995 -9933
-9994 -9968
-9940 -9997
-9975 -9955
-9983 -9959
-9937 -9992
-9991 -9963
-9971 -9985
-9960 -9939
-9940 -9961
-9994 -9932
-9948 -9965
-9947 -10000
-9961 -9935
-9937 -9956
-9936 -9991
-9990 -9962
-9944 -9995
-9971 -9949
-9998 -9966
-9979 -9953
-9978 -9988
-9938 -9952
-9959 -9975
-9986 -9992
-9967 -9979
-9968 -9938
-9976 -9942
-9997 -9965
-9956 -9964
-9951 -9998
-9965 -9933
-9964 -9968
-9985 -9991
-9945 -9955
-9993 -9995
-9953 -9959
-9952 -9994
-9934 -9946
-9933 -9981
-9987 -9952
-9982 -9986
-9941 -9985
-9995 -9956
-9975 -9978
-9984 -9947
-9964 -9932
-9972 -9936
-9931 -9935
-9952 -9958
-9960 -9962
-9941 -9949
-9940 -9984
-9994 -9955
-9948 -9988
-9975 -9942
-9983 -9946
-9942 -9945
-9937 -9979
-9991 -9950
-9990 -9985
-9971 -9972
-9998 -9989
-9979 -9976
-9959 -9998
-9968 -9961
-9949 -9948
-9998 -9953
-9997 -9988
-9957 -9952
-9938 -9939
-9965 -9956
-9986 -9979
-9946 -9943
-9945 -9978
-9999 -9949
-9980 -9936
-9934 -9969
-9988 -9940
-9996 -9944
-9963 -9996
-9956 -9951
-9964 -9955
-9945 -9942
-9972 -9959
-9953 -9946
-9952 -9981
-9933 -9968
-9960 -9985
-9987 -9939
-9941 -9972
-9995 -9943
-9994 -9978
-9975 -9965
-9984 -9934
-9983 -9969
-9991 -9973
-9971 -9995
-9979 -9999
-9961 -9945
-9942 -9932
-9969 -9949
-9990 -9972
-9950 -9936
-9949 -9971
-9998 -9976
-9958 -9940
-9979 -9963
-9978 -9998
-9938 -9962
-9992 -9933
-9946 -9966
-10000 -9937
-9967 -9989
-9980 -9959
-9934 -9992
-9968 -9948
-9949 -9935
-9976 -9952
-9957 -9939
-9956 -9974
-9965 -9943
-9964 -9978
-9945 -9965
-9972 -9982
-9999 -9936
-9953 -9969
-9934 -9956
-9933 -9991
-9987 -9962
-9941 -9995
-9996 -9931
-9995 -9966
-9975 -9988
-9984 -9957
-9983 -9992
-9991 -9996
-9972 -9946
-9931 -9945
-9939 -9949
-9960 -9972
-9973 -9942
-9940 -9994
-9994 -9965
-9948 -9998
-9962 -9933
-9983 -9956
-9970 -9937
-9942 -9955
-9991 -9960
-9990 -9995
-9950 -9959
-9971 -9982
-9998 -9999
-9937 -9989
-9979 -9986
-9938 -9985
-9961 -9932
-9969 -9936
-9968 -9971
-9977 -9940
-9976 -9975
-9949 -9958
-9997 -9998
-9957 -9962
-9956 -9997
-9965 -9966
-9938 -9949
-9946 -9953
-9945 -9988
-9999 -9959
-9953 -9992
-9980 -9946
-9934 -9979
-9988 -9950
-9987 -9985
-9996 -9954
-9995 -9989
-9976 -9939
-9935 -9938
-9984 -9980
-9943 -9942
-9964 -9965
-9972 -9969
-9932 -9933
-9952 -9991
-9960 -9995
-9987 -9949
-9941 -9982
-9995 -9953
-9994 -9988
-9954 -9952
-9975 -9975
-9984 -9944
-9983 -9979
-9942 -9978
-9991 -9983
-9931 -9932
-9939 -9936
-9981 -9933
-9989 -9937
-9961 -9955
-9942 -9942
-9969 -9959
-9968 -9994
-9950 -9946
-9977 -9963
-9949 -9981
-9998 -9986
-9958 -9950
-9957 -9985
-9938 -9972
-9965 -9989
-9992 -9943
-9946 -9976
-10000 -9947
-9999 -9982
-9980 -9969
-9988 -9973
-9947 -9935
-9968 -9958
-9976 -9962
-9956 -9984
-9965 -9953
-9964 -9988
-9945 -9975
-9972 -9992
-9999 -9946
-9953 -9979
-9988 -9937
-9987 -9972
-9996 -9941
-9995 -9976
-9955 -9940
-9975 -9998
-9984 -9967
-9951 -9933
-9931 -9955
-9939 -9959
-9973 -9952
-9954 -9939
-9981 -9956
-9962 -9943
-9961 -9978
-9970 -9947
-9969 -9982
-9942 -9965
-9950 -9969
-9958 -9973
-9979 -9996
-9938 -9995
-9992 -9966
-9946 -9999
-9980 -9992
-9961 -9942
-9969 -9946
-9968 -9981
-9977 -9950
-9976 -9985
-9958 -9937
-9957 -9972
-9949 -9968
-9965 -9976
-9946 -9963
-9945 -9998
-10000 -9934
-9999 -9969
-9959 -9933
-9980 -9956
-9934 -9989
-9988 -9960
-9987 -9995
-9996 -9964
-9995 -9999
-9935 -9948
-9984 -9990
-9943 -9952
-9951 -9956
-9972 -9979
-9932 -9943
-9931 -9978
-9985 -9949
-9939 -9982
-9966 -9936
-9974 -9940
-9973 -9975
-9994 -9998
-9982 -9944
-9963 -9931
-9962 -9966
-9954 -9962
-9983 -9989
-9970 -9970
-9942 -9988
-9991 -9993
-9950 -9992
-9939 -9946
-9973 -9939
-9981 -9943
-9989 -9947
-9961 -9965
-9970 -9934
-9969 -9969
-9950 -9956
-9977 -9973
-9949 -9991
-9958 -9960
-9957 -9995
-9938 -9982
-9965 -9999
-9992 -9953
-9946 -9986
-10000 -9957
-9999 -9992
-9980 -9979
-9988 -9983
-9947 -9945
-9996 -9987
-9976 -9972
-9936 -9936
-9935 -9971
-9956 -9994
-9944 -9940
-9943 -9975
-9964 -9998
-9978 -9933
-9932 -9966
-9986 -9937
-9953 -9989
-9966 -9959
-9987 -9982
-9995 -9986
-9955 -9950
-9954 -9985
-9963 -9954
-9984 -9977
-9943 -9939
-9951 -9943
-9931 -9965
-9985 -9936
-9939 -9969
-9993 -9940
-9973 -9962
-9982 -9931
-9981 -9966
-9954 -9949
-9962 -9953
-9989 -9970
-9961 -9988
-9970 -9957
-9969 -9992
-9942 -9975
-9950 -9979
-9977 -9996
-9958 -9983
-9992 -9976
-10000 -9980
-9989 -9934
-9948 -9933
-9947 -9968
-9968 -9991
-9977 -9960
-9976 -9995
-9936 -9959
-9957 -9982
-9944 -9963
-9965 -9986
-9999 -9979
-9959 -9943
-9967 -9947
-9934 -9999
-9988 -9970
-9947 -9932
-9996 -9974
-9955 -9973
-9935 -9958
-9984 -10000
-9943 -9962
-9997 -9933
-9951 -9966
-9932 -9953
-9931 -9988
-9985 -9959
-9939 -9992
-9966 -9946
-9993 -9963
-9974 -9950
-9973 -9985
-9955 -9937
-9982 -9954
-9981 -9989
-9963 -9941
-9962 -9976
-9954 -9972
-9970 -9980
-9942 -9998
-9992 -9999
-9981 -9953
-9940 -9952
-9989 -9957
-9961 -9975
-9948 -9956
-9969 -9979
-9977 -9983
-9937 -9947
-9958 -9970
-9971 -9940
-9938 -9992
-9992 -9963
-9946 -9996
-10000 -9967
-9959 -9966
-9980 -9989
-9988 -9993
-9947 -9955
-9996 -9997
-9936 -9946
-9935 -9981
-9944 -9950
-9943 -9985
-9997 -9956
-9951 -9989
-9978 -9943
-9932 -9976
-9986 -9947
-9985 -9982
-9967 -9934
-9966 -9969
-9974 -9973
-9995 -9996
-9982 -9977
-9955 -9960
-9963 -9964
-9962 -9999
-9954 -9995
-9951 -9953
-9931 -9975
-9985 -9946
-9939 -9979
-9993 -9950
-9952 -9949
-9973 -9972
-9933 -9936
-9982 -9941
-9981 -9976
-9941 -9940
-9962 -9963
-9989 -9980
-9961 -9998
-9975 -9933
-9970 -9967
-9942 -9985
-9950 -9989
-9958 -9993
-9992 -9986
-10000 -9990
-9940 -9939
-9948 -9943
-9947 -9978
-9937 -9934
-9936 -9969
-9990 -9940
-9944 -9973
-9998 -9944
-9965 -9996
-9979 -9931
-9978 -9966
-9932 -9999
-9999 -9989
-9986 -9970
-9959 -9953
-9967 -9957
-9966 -9992
-9996 -9984
-9955 -9983
-9935 -9968
-9963 -9987
-9943 -9972
-9997 -9943
-9956 -9942
-9951 -9976
-9932 -9963
-9931 -9998
-9986 -9934
-9985 -9969
-9945 -9933
-9966 -9956
-9993 -9973
-9974 -9960
-9973 -9995
-9933 -9959
-9982 -9964
-9981 -9999
-9963 -9951
-9962 -9986
-9954 -9982
-9970 -9990
-9952 -9936
-9960 -9940
-9940 -9962
-9994 -9933
-9989 -9967
-9948 -9966
-9969 -9989
-9977 -9993
-9937 -9957
-9936 -9992
-9990 -9963
-9971 -9950
-9979 -9954
-10000 -9977
-9959 -9976
-9980 -9999
-9967 -9980
-9947 -9965
-9936 -9956
-9935 -9991
-9944 -9960
-9943 -9995
-9998 -9931
-9997 -9966
-9951 -9999
-9978 -9953
-9932 -9986
-9986 -9957
-9985 -9992
-9967 -9944
-9966 -9979
-9993 -9996
-9974 -9983
-9934 -9947
-9955 -9970
-9982 -9987
-9963 -9974
-9964 -9933
-9972 -9937
-9939 -9989
-9993 -9960
-9952 -9959
-9973 -9982
-9960 -9963
-9933 -9946
-9981 -9986
-9941 -9950
-9940 -9985
-9994 -9956
-9989 -9990
-9975 -9943
-9970 -9977
-9983 -9947
-9937 -9980
-9991 -9951
-9971 -9973
-9992 -9996
-10000 -10000
-9940 -9949
-9948 -9953
-9947 -9988
-9937 -9944
-9936 -9979
-9990 -9950
-9944 -9983
-9971 -9937
-9998 -9954
-9997 -9989
-9979 -9941
-9978 -9976
-9938 -9940
-9959 -9963
-9986 -9980
-9967 -9967
-9955 -9993
-9963 -9997
-9943 -9982
-9997 -9953
-9956 -9952
-9951 -9986
-9964 -9956
-9985 -9979
-9945 -9943
-9993 -9983
-9953 -9947
-9974 -9970
-9934 -9934
-9933 -9969
-9987 -9940
-9982 -9974
-9941 -9973
-9995 -9944
-9962 -9996
-9975 -9966
-9970 -10000
-9984 -9935
-9952 -9946
-9960 -9950
-9941 -9937
-9940 -9972
-9994 -9943
-9948 -9976
-9983 -9934
-9942 -9933
-9937 -9967
-9991 -9938
-9990 -9973
-9971 -9960
-9998 -9977
-9979 -9964
-9978 -9999
-9959 -9986
-9967 -9990
-9947 -9975
-9968 -9949
-9954 -9960
-9949 -9936
-9944 -9970
-9998 -9941
-9997 -9976
-9957 -9940
-9978 -9963
-9965 -9944
-9932 -9996
-9986 -9967
-9946 -9931
-9945 -9966
-9999 -9937
-9966 -9989
-9974 -9993
-9934 -9957
-9955 -9980
-9982 -9997
-9963 -9984
-9956 -9939
-9964 -9943
-9972 -9947
-9953 -9934
-9952 -9969
-9933 -9956
-9960 -9973
-9941 -9960
-9940 -9995
-9995 -9931
-9994 -9966
-9989 -10000
-9975 -9953
-9948 -9999
-9983 -9957
-9937 -9990
-9991 -9961
-9971 -9983
-9979 -9987
-9948 -9963
-9947 -9998
-9961 -9933
-9969 -9937
-9936 -9989
-9990 -9960
-9949 -9959
-9944 -9993
-9998 -9964
-9997 -9999
-9979 -9951
-9978 -9986
-9938 -9950
-9959 -9973
-9986 -9990
-9946 -9954
-9967 -9977
-9980 -9947
-9968 -9936
-9976 -9940
-9956 -9962
-9965 -9931
-9964 -9966
-9945 -9953
-9972 -9970
-9993 -9993
-9953 -9957
-9952 -9992
-9934 -9944
-9933 -9979
-9987 -9950
-9941 -9983
-9995 -9954
-9975 -9976
-9984 -9945
-9983 -9980
-9972 -9934
-9931 -9933
-9952 -9956
-9939 -9937
-9960 -9960
-9940 -9982
-9994 -9953
-9948 -9986
-9983 -9944
-9942 -9943
-9937 -9977
-9991 -9948
-9990 -9983
-9950 -9947
-9971 -9970
-9998 -9987
-9979 -9974
-9959 -9996
-9967 -10000
-9968 -9959
-9949 -9946
-9976 -9963
-9997 -9986
-9957 -9950
-9956 -9985
-9965 -9954
-9938 -9937
-9986 -9977
-9946 -9941
-9945 -9976
-9999 -9947
-9953 -9980
-9980 -9934
-9934 -9967
-9988 -9938
-9987 -9973
-9996 -9942
-9975 -9999
-9956 -9949
-9984 -9968
-9964 -9953
-9972 -9957
-9953 -9944
-9952 -9979
-9933 -9966
-9960 -9983
-9987 -9937
-9941 -9970
-9995 -9941
-9994 -9976
-9954 -9940
-9975 -9963
-9984 -9932
-9983 -9967
-9937 -10000
-9991 -9971
-9971 -9993
-9979 -9997
-9961 -9943
-9969 -9947
-9990 -9970
-9977 -9951
-9950 -9934
-9998 -9974
-9958 -9938
-9957 -9973
-9978 -9996
-9949 -9969
-9992 -9931
-9986 -10000
-9946 -9964
-10000 -9935
-9945 -9999
-9938 -9960
-9980 -9957
-9934 -9990
-9988 -9961
-9968 -9946
-9976 -9950
-9957 -9937
-9956 -9972
-9965 -9941
-9964 -9976
-9945 -9963
-9972 -9980
-9999 -9934
-9953 -9967
-9934 -9954
-9933 -9989
-9987 -9960
-9941 -9993
-9995 -9964
-9994 -9999
-9975 -9986
-9984 -9955
-9983 -9990
-9991 -9994
-9931 -9943
-9939 -9947
-9973 -9940
-9994 -9963
-9981 -9944
-9948 -9996
-9962 -9931
-9961 -9966
-9970 -9935
-9942 -9953
-9991 -9958
-9990 -9993
-9950 -9957
-9949 -9992
-9998 -9997
-9958 -9961
-9979 -9984
-9938 -9983
-9992 -9954
-9969 -9934
-9968 -9969
-9977 -9938
-9976 -9973
-9949 -9956
-9957 -9960
-9956 -9995
-9938 -9947
-9965 -9964
-9964 -9999
-9946 -9951
-9945 -9986
-9999 -9957
-9953 -9990
-9980 -9944
-9934 -9977
-9988 -9948
-9987 -9983
-9996 -9952
-9995 -9987
-9935 -9936
-9984 -9978
-9943 -9940
-9951 -9944
-9972 -9967
-9932 -9931
-9931 -9966
-9985 -9937
-9952 -9989
-9960 -9993
-9995 -9951
-9994 -9986
-9982 -9932
-9954 -9950
-9962 -9954
-9983 -9977
-9942 -9976
-9991 -9981
-9939 -9934
-9981 -9931
-9989 -9935
-9961 -9953
-9942 -9940
-9969 -9957
-9968 -9992
-9950 -9944
-9977 -9961
-9976 -9996
-9958 -9948
-9957 -9983
-9949 -9979
-9938 -9970
-9965 -9987
-9992 -9941
-9946 -9974
-10000 -9945
-9999 -9980
-9980 -9967
-9934 -10000
-9988 -9971
-9947 -9933
-9996 -9975
-9976 -9960
-9935 -9959
-9956 -9982
-9965 -9951
-9964 -9986
-9972 -9990
-9999 -9944
-9953 -9977
-9932 -9954
-9966 -9947
-9933 -9999
-9987 -9970
-9996 -9939
-9995 -9974
-9955 -9938
-9975 -9996
-9963 -9942
-9984 -9965
-9983 -10000
-9951 -9931
-9931 -9953
-9939 -9957
-9973 -9950
-9954 -9937
-9981 -9954
-9962 -9941
-9989 -9958
-9961 -9976
-9970 -9945
-9969 -9980
-9942 -9963
-9950 -9967
-9977 -9984
-9958 -9971
-9938 -9993
-9992 -9964
-9946 -9997
-10000 -9968
-9980 -9990
-9988 -9994
-9969 -9944
-9968 -9979
-9977 -9948
-9976 -9983
-9936 -9947
-9957 -9970
-9965 -9974
-9945 -9996
-10000 -9932
-9999 -9967
-9959 -9931
-9980 -9954
-9967 -9935
-9953 -10000
-9988 -9958
-9987 -9993
-9934 -9987
-9996 -9962
-9995 -9997
-9935 -9946
-9984 -9988
-9943 -9950
-9951 -9954
-9932 -9941
-9931 -9976
-9985 -9947
-9939 -9980
-9966 -9934
-9993 -9951
-9974 -9938
-9973 -9973
-9994 -9996
-9981 -9977
-9962 -9964
8 8
7 12
34 2
0 9
11 18
3 14
35 3
27 -1
4 15
30 9
22 5
7 25
-1 21
19 -1
23 6
0 22
3 27
15 1
18 12
10 8
7 2
22 18
-1 34
0 -1
19 12
11 8
3 4
14 19
6 15
37 2
10 21
30 -1
7 15
-1 11
2 22
25 5
6 28
26 6
18 2
29 11
22 8
1 34
21 12
2 35
14 9
6 5
17 14
18 15
10 11
7 5
-1 1
2 12
13 21
33 -1
36 4
14 22
6 18
29 1
9 28
1 24
21 2
2 25
14 -1
25 8
17 4
5 35
9 5
20 14
1 37
2 2
21 15
13 11
5 12
16 21
8 17
9 18
1 14
32 1
2 15
12 28
4 24
24 2
5 25
8 30
28 8
20 4
1 27
13 1
0 31
3 36
5 2
24 15
16 11
8 7
9 8
1 4
19 21
35 2
12 18
4 14
15 23
5 15
8 20
31 9
23 5
0 21
3 26
15 0
27 11
4 27
24 5
16 1
22 17
-1 33
19 11
11 7
3 3
0 34
12 8
4 4
15 13
38 2
7 14
-1 10
31 -1
34 4
0 11
11 20
3 16
27 1
26 5
29 10
22 7
7 27
-1 23
19 1
23 8
15 3
18 14
10 10
7 4
-1 0
0 1
11 10
3 6
14 21
6 17
29 0
10 23
30 1
7 17
-1 13
2 24
25 7
17 3
6 30
26 8
18 4
10 0
1 36
21 14
13 10
2 37
14 11
6 7
17 16
10 13
9 17
-1 3
32 0
2 14
13 23
33 1
6 20
5 24
29 3
8 29
28 7
9 30
1 26
21 4
13 0
2 27
14 1
25 10
17 6
4 36
24 14
9 7
1 3
20 16
1 39
2 4
21 17
13 13
5 14
16 23
8 19
9 20
1 16
32 3
27 10
4 26
24 4
16 0
5 27
8 32
28 10
20 6
23 17
0 33
12 7
15 12
5 4
16 13
8 9
1 6
11 19
35 4
27 0
12 20
4 16
15 25
8 22
7 26
23 7
0 23
3 28
15 2
27 13
4 29
16 3
8 -1
-1 35
0 0
19 13
11 9
3 5
0 36
12 10
4 6
15 15
10 22
30 0
7 16
-1 12
31 1
34 6
0 13
11 22
3 18
6 29
26 7
18 3
22 9
7 29
-1 25
19 3
11 -1
2 36
14 10
17 15
18 16
10 12
7 6
-1 2
0 3
33 0
3 8
14 23
6 19
29 2
10 25
30 3
22 -1
-1 15
2 26
14 0
25 9
17 5
6 32
26 10
18 6
10 2
1 38
2 3
21 16
13 12
14 13
6 9
17 18
9 19
1 15
32 2
2 16
13 25
33 3
25 -1
5 26
8 31
28 9
20 5
1 28
21 6
13 2
14 3
6 -1
17 8
24 16
16 12
9 9
1 5
20 18
2 6
13 15
12 19
15 24
5 16
8 21
28 -1
9 22
1 18
32 5
27 12
4 28
24 6
16 2
5 29
9 -1
28 12
20 8
0 35
12 9
4 5
15 14
39 -1
5 6
16 15
8 11
31 0
1 8
34 5
0 12
11 21
3 17
27 2
12 22
4 18
7 28
-1 24
19 2
23 9
0 25
12 -1
3 30
15 4
8 1
-1 37
0 2
19 15
11 11
3 7
4 8
10 24
30 2
7 18
-1 14
31 3
23 -1
0 15
3 20
6 31
26 9
18 5
10 1
22 11
7 31
-1 27
19 5
11 1
2 38
14 12
6 8
17 17
18 18
10 14
7 8
-1 4
13 24
33 2
14 25
6 21
26 -1
29 4
22 1
9 31
21 5
2 28
14 2
25 11
17 7
18 8
10 4
20 17
2 5
21 18
13 14
14 15
6 11
17 20
16 24
9 21
1 17
32 4
2 18
13 27
33 5
25 1
5 28
28 11
20 7
1 30
21 8
13 4
6 1
5 5
16 14
8 10
9 11
1 7
20 20
2 8
35 5
12 21
4 17
5 18
8 23
28 1
1 20
0 24
3 29
4 30
24 8
16 4
8 0
9 1
20 10
-1 36
19 14
0 37
12 11
4 7
15 16
39 1
5 8
16 17
8 13
31 2
0 14
11 23
3 19
27 4
12 24
4 20
22 10
7 30
-1 26
19 4
11 0
23 11
0 27
12 1
3 32
15 6
18 17
7 7
-1 39
0 4
19 17
11 13
3 9
14 24
10 26
30 4
22 0
7 20
-1 16
23 1
3 22
6 33
26 11
18 7
10 3
22 13
-1 29
11 3
3 -1
14 14
6 10
17 19
18 20
10 16
7 10
-1 6
2 17
13 26
33 4
25 0
6 23
26 1
29 6
1 29
21 7
13 3
2 30
14 4
6 0
25 13
17 9
10 6
9 10
20 19
2 7
13 16
36 -1
6 13
5 17
28 0
9 23
1 19
32 6
2 20
25 3
17 -1
24 7
5 30
9 0
20 9
1 32
21 10
13 6
39 0
5 7
16 16
8 12
9 13
1 9
40 0
27 3
12 23
4 19
5 20
8 25
28 3
20 -1
23 10
0 26
12 0
3 31
15 5
4 32
24 10
16 6
8 2
9 3
1 -1
-1 38
19 16
11 12
0 39
12 13
4 9
15 18
5 10
8 15
7 19
31 4
23 0
0 16
11 25
3 21
27 6
4 22
22 12
7 32
-1 28
19 6
11 2
23 13
0 29
12 3
3 34
4 -1
15 8
18 19
10 15
7 9
-1 5
34 -1
0 6
19 19
11 15
3 11
14 26
6 22
26 0
29 5
10 28
30 6
22 2
7 22
-1 18
2 29
25 12
26 13
18 9
10 5
7 -1
21 19
3 1
14 16
6 12
17 21
37 -1
10 18
-1 8
2 19
33 6
25 2
6 25
26 3
18 -1
29 8
1 31
21 9
13 5
2 32
14 6
6 2
25 15
17 11
9 12
2 9
13 18
36 1
5 19
8 24
28 2
9 25
1 21
21 -1
32 8
17 1
4 31
24 9
16 5
5 32
9 2
20 11
2 -1
13 8
0 38
12 12
15 17
5 9
16 18
8 14
9 15
1 11
11 24
27 5
12 25
4 21
24 -1
5 22
8 27
28 5
20 1
23 12
0 28
12 2
3 33
15 7
4 34
5 -1
24 12
16 8
8 4
1 1
0 5
19 18
11 14
3 10
35 -1
12 15
4 11
15 20
10 27
30 5
7 21
-1 17
31 6
23 2
0 18
11 27
3 23
27 8
6 34
26 12
22 14
-1 30
19 8
11 4
3 0
23 15
12 5
4 1
15 10
18 21
10 17
38 -1
7 11
-1 7
34 1
0 8
11 17
3 13
6 24
26 2
29 7
10 30
30 8
22 4
7 24
-1 20
2 31
14 5
25 14
17 10
18 11
10 7
7 1
13 17
36 0
14 18
6 14
17 23
37 1
10 20
9 24
32 7
2 21
25 4
17 0
6 27
18 1
5 31
1 33
21 11
13 7
2 34
14 8
6 4
17 13
9 14
1 10
2 11
13 20
36 3
5 21
8 26
28 4
20 0
9 27
1 23
21 1
4 33
24 11
16 7
8 3
5 34
9 4
1 0
20 13
2 1
0 40
12 14
4 10
15 19
5 11
16 20
8 16
31 5
1 13
0 17
11 26
27 7
12 27
4 23
24 1
20 3
7 33
19 7
23 14
0 30
12 4
3 35
4 0
15 9
5 1
16 10
8 6
34 0
0 7
19 20
11 16
3 12
35 1
12 17
4 13
15 22
10 29
30 7
22 3
7 23
-1 19
31 8
23 4
0 20
11 29
3 25
15 -1
26 14
18 10
7 0
22 16
-1 32
19 10
11 6
3 2
14 17
4 3
17 22
37 0
10 19
38 1
7 13
-1 9
34 3
0 10
33 7
3 15
6 26
26 4
18 0
29 9
30 10
22 6
-1 22
19 0
2 33
14 7
6 3
17 12
18 13
10 9
7 3
-1 -1
2 10
13 19
36 2
14 20
6 16
37 3
29 -1
9 26
1 22
21 0
2 23
25 6
17 2
5 33
10 -1
20 12
1 35
2 0
21 13
13 9
6 6
16 19
9 16
1 12
32 -1
2 13
13 22
12 26
24 0
5 23
8 28
28 6
20 2
9 29
1 25
21 3
13 -1
4 35
5 0
24 13
16 9
8 5
9 6
1 2
20 15
35 0
12 16
4 12
15 21
5 13
16 22
8 18
31 7
23 3
0 19
11 28
3 24
27 9
4 25
24 3
16 -1
22 15
-1 31
19 9
11 5
23 16
0 32
12 6
3 37
4 2
15 11
5 3
18 22
