2598 217 20
-28 50
-36 46
-16 24
-24 20
50 6
-44 -38
42 2
6 48
-42 8
-50 4
-30 -18
-38 -22
-20 26
-18 -44
-38 14
2 50
-46 10
-18 -8
22 28
-26 -12
14 24
-34 -16
-6 -34
-14 -38
26 -2
-22 -42
18 -6
-4 12
36 48
-12 8
8 -14
48 22
0 -18
18 30
-8 -22
20 -40
12 -44
30 4
4 -48
-8 14
12 -8
4 -12
44 24
24 -34
16 -38
-32 34
-40 30
34 16
46 -10
38 -14
50 -40
42 -44
-28 40
-36 36
-16 14
-24 10
-44 -48
-20 -20
6 38
-42 -2
-2 34
-50 -6
-10 30
-30 -28
-38 -32
-20 16
-46 -36
10 44
2 40
-46 0
22 18
-4 -34
14 14
-34 -26
-14 -48
26 -12
18 -16
30 -42
-4 2
36 38
-12 -2
28 34
8 -24
48 12
0 -28
40 8
-8 -32
20 -50
40 44
34 -30
44 14
16 -48
-44 50
-32 24
-40 20
34 6
-48 16
-28 -6
46 -20
38 -24
50 -50
-18 44
-28 30
-36 26
-16 4
-42 -48
-24 0
-20 -30
-14 50
-22 46
6 28
-42 -12
-2 24
-50 -16
-10 20
-30 -38
10 -2
-38 -42
2 -6
-46 -46
22 -28
14 -32
20 48
12 44
32 22
2 30
22 8
-4 -44
14 4
-12 -48
26 -22
18 -26
16 50
36 28
-12 -12
28 24
8 -34
48 2
0 -38
40 -2
-8 -42
44 -32
50 48
42 44
34 -40
44 4
-44 40
-32 14
-40 10
-48 6
-28 -16
-36 -20
38 -34
-16 -42
-24 -46
-18 34
-26 30
-6 8
-36 16
6 -18
-24 -10
-20 -40
-6 44
-14 40
-22 36
6 18
-2 14
-50 -26
-10 10
30 46
-30 -48
10 -12
2 -16
22 -38
14 -42
20 38
12 34
4 30
32 12
24 8
36 -18
26 -32
18 -36
24 44
16 40
36 18
28 14
48 -8
0 -48
40 -12
44 -42
50 38
-44 -6
42 34
-32 -32
34 -50
-44 30
-32 4
-40 0
-48 -4
-28 -26
-36 -30
-30 50
-38 46
-46 42
-18 24
-26 20
-34 16
-6 -2
-14 -6
-22 -10
6 -28
-2 -32
-4 44
-20 -50
-14 30
-22 26
-2 4
-10 0
30 36
10 -22
2 -26
22 -48
0 50
-8 46
20 28
12 24
4 20
32 2
24 -2
16 -6
36 -28
28 -32
34 48
18 -46
46 22
16 30
28 4
48 -18
40 -22
-16 46
50 28
-44 -16
42 24
-32 -42
-40 -46
-42 30
-20 48
-40 -10
-48 -14
-28 -36
-36 -40
-30 40
-38 36
-46 32
-18 14
22 50
-26 10
14 46
-34 6
-6 -12
-14 -16
-22 -20
6 -38
-2 -42
-10 -46
-4 34
-12 30
8 8
0 4
20 -18
-10 -10
30 26
10 -32
2 -36
8 44
0 40
-8 36
20 18
12 14
4 10
32 -8
44 46
24 -12
16 -16
36 -38
28 -42
34 38
46 12
38 8
50 -18
40 -32
-16 36
-24 32
50 18
-44 -26
42 14
-42 20
-50 16
-30 -6
-38 -10
-20 38
-18 -32
-48 -24
-36 -50
-38 26
-46 22
-18 4
22 40
-26 0
14 36
-34 -4
-6 -22
-14 -26
26 10
-22 -30
6 -48
18 6
-4 24
-12 20
8 -2
26 46
0 -6
18 42
-8 -10
20 -28
12 -32
30 16
-8 26
12 4
4 0
32 -18
44 36
24 -22
16 -26
36 -48
-32 46
34 28
46 2
38 -2
50 -28
42 -32
-36 48
-16 26
-24 22
-44 -36
42 4
-20 -8
6 50
-42 10
-2 46
-50 6
-30 -16
10 20
-38 -20
-20 28
-46 -24
-18 -42
-26 -46
-46 12
22 30
-26 -10
14 26
-34 -14
-14 -36
26 0
-22 -40
18 -4
30 -30
-4 14
36 50
-12 10
28 46
8 -12
48 24
0 -16
40 20
-8 -20
20 -38
12 -42
30 6
4 -46
34 -18
4 -10
44 26
46 -44
16 -36
-32 36
-40 32
34 18
-28 6
46 -8
38 -12
50 -38
42 -42
-28 42
-36 38
-16 16
-24 12
-20 -18
6 40
-42 0
-2 36
-50 -4
-10 32
-30 -26
-38 -30
2 6
-46 -34
22 -16
32 34
2 42
22 20
-4 -32
14 16
26 -10
-22 -50
18 -14
30 -40
-4 4
36 40
-12 0
28 36
8 -22
48 14
0 -26
40 10
-8 -30
20 -48
34 -28
44 16
-32 26
-40 22
-48 18
-28 -4
-36 -8
38 -22
-16 -30
50 -48
-18 46
-6 20
-36 28
-16 6
-42 -46
-24 2
-50 -50
-20 -28
-22 48
6 30
-42 -10
-2 26
-50 -14
-10 22
-30 -36
10 0
-38 -40
2 -4
-46 -44
22 -26
14 -30
20 50
12 46
4 42
32 24
24 20
-4 -42
14 6
-12 -46
26 -20
18 -24
30 -50
36 30
28 26
48 4
0 -36
40 0
-8 -40
44 -30
50 50
-44 6
42 46
34 -38
44 6
-44 42
-32 16
-40 12
-48 8
-28 -14
-36 -18
-16 -40
-24 -44
-18 36
-26 32
-34 28
-6 10
-14 6
6 -16
-20 -38
-14 42
-22 38
6 20
-2 16
-10 12
30 48
10 -10
-38 -50
2 -14
22 -36
14 -40
20 40
12 36
4 32
32 14
24 10
16 6
36 -16
28 -20
48 -42
18 -34
46 34
16 42
36 20
28 16
48 -6
40 -10
-8 -50
44 -40
50 40
-44 -4
42 36
-32 -30
-40 -34
34 -48
-42 42
-32 6
-40 2
-48 -2
-28 -24
-36 -28
-16 -50
-38 48
-46 44
-18 26
-26 22
-34 18
-6 0
-14 -4
-22 -8
6 -26
-2 -30
-10 -34
-4 46
-20 -48
-12 42
8 20
-22 28
20 -6
-10 2
30 38
10 -20
2 -24
22 -46
14 -50
-8 48
20 30
12 26
4 22
32 4
24 0
16 -4
36 -26
28 -30
34 50
46 24
38 20
50 -6
40 -20
44 -50
-16 48
-24 44
50 30
-44 -14
42 26
-32 -40
-40 -44
-48 -48
-42 32
-50 28
-30 6
-20 50
-18 -20
-48 -12
-28 -34
-36 -38
-30 42
-38 38
-46 34
-18 16
-26 12
14 48
-34 8
-6 -10
-14 -14
26 22
-22 -18
6 -36
-2 -40
-10 -44
-4 36
-12 32
0 6
20 -16
12 -20
30 28
32 -42
2 -34
0 42
-8 38
12 16
4 12
32 -6
44 48
24 -10
16 -14
36 -36
28 -40
34 40
46 14
38 10
50 -16
42 -20
-16 38
-24 34
-44 -24
42 16
-32 -50
-42 22
-50 18
-30 -4
-38 -8
-20 40
-46 -12
-18 -30
-26 -34
-36 -48
-38 28
-46 24
22 42
-26 2
14 38
-6 -20
-34 -2
-14 -24
26 12
-22 -28
6 -46
18 8
-2 -50
30 -18
-4 26
-12 22
8 0
48 36
0 -4
18 44
-8 -8
20 -26
12 -30
30 18
4 -34
34 -6
4 2
44 38
24 -20
16 -24
36 -46
28 -50
-32 48
-40 44
34 30
46 4
38 0
50 -26
42 -30
-36 50
-16 28
-24 24
-44 -34
-20 -6
-42 12
-2 48
-50 8
-10 44
-30 -14
10 22
-38 -18
-46 -22
-18 -40
22 -4
-26 -44
-34 -48
22 32
-4 -20
14 28
-34 -12
-14 -34
26 2
-22 -38
18 -2
30 -28
-4 16
-12 12
28 48
8 -10
48 26
0 -14
40 22
-8 -18
20 -36
12 -40
4 -44
34 -16
44 28
46 -42
38 -46
-32 38
-40 34
-48 30
-28 8
46 -6
-36 4
38 -10
-16 -18
50 -36
42 -40
-36 40
-16 18
-42 -34
-24 14
-20 -16
6 42
-42 2
-2 38
-50 -2
-10 34
-30 -24
10 12
-38 -28
2 8
-46 -32
-18 -50
22 -14
14 -18
32 36
24 32
-4 -30
14 18
-12 -34
26 -8
18 -12
30 -38
36 42
-12 2
28 38
48 16
0 -24
40 12
-8 -28
20 -46
12 -50
44 -18
-44 18
34 -26
44 18
-32 28
-40 24
-48 20
-28 -2
-36 -6
-16 -28
-24 -32
50 -46
42 -50
-18 48
-26 44
-6 22
-14 18
6 -4
-42 -44
-24 4
-50 -48
-20 -26
-22 50
6 32
-2 28
-50 -12
-10 24
10 2
-38 -38
2 -2
-46 -42
22 -24
14 -28
12 48
4 44
32 26
24 22
16 18
-4 -40
36 -4
-12 -44
48 -30
18 -22
46 46
30 -48
36 32
28 28
48 6
40 2
-8 -38
44 -28
-44 8
42 48
-32 -18
34 -36
-32 18
-40 14
-48 10
-28 -12
-36 -16
-16 -38
-24 -42
-18 38
-26 34
-34 30
-6 12
-14 8
-22 4
6 -14
-2 -18
10 -44
-20 -36
8 32
-22 40
-2 18
-10 14
30 50
10 -8
2 -12
22 -34
14 -38
20 42
12 38
4 34
32 16
24 12
16 8
-4 -50
36 -14
28 -18
48 -40
40 -44
46 36
38 32
28 18
40 -8
44 -38
50 42
-44 -2
42 38
-32 -28
-40 -32
34 -46
-48 -36
-42 44
-50 40
-30 18
-40 4
-48 0
-28 -22
-36 -26
-16 -48
-38 50
-46 46
-18 28
-26 24
-34 20
-6 2
-14 -2
26 34
-22 -6
6 -24
-2 -28
-10 -32
-4 48
-12 44
8 22
0 18
20 -4
-10 4
30 40
32 -30
2 -22
22 -44
14 -48
-8 50
20 32
12 28
4 24
32 6
24 2
16 -2
36 -24
28 -28
48 -50
46 26
38 22
50 -4
42 -8
44 -48
-16 50
-24 46
50 32
-44 -12
42 28
-32 -38
-40 -42
-48 -46
-42 34
-50 30
-30 8
-38 4
-18 -18
-26 -22
-6 -44
-36 -36
-38 40
-46 36
-18 18
-26 14
14 50
-34 10
-6 -8
-14 -12
26 24
-22 -16
6 -34
18 20
-2 -38
-10 -42
30 -6
-4 38
-12 34
8 12
48 48
0 8
-8 4
20 -14
12 -18
30 30
4 -22
32 -40
24 -44
-8 40
4 14
44 50
24 -8
16 -12
36 -34
28 -38
34 42
46 16
38 12
50 -14
42 -18
-16 40
-24 36
-44 -22
-32 -48
-20 6
-42 24
-50 20
-30 -2
10 34
-38 -6
-20 42
-46 -10
-18 -28
-26 -32
-34 -36
-46 26
22 44
-4 -8
14 40
-34 0
-14 -22
26 14
-22 -26
6 -44
18 10
-2 -48
30 -16
-4 28
-12 24
8 2
48 38
0 -2
40 34
-8 -6
20 -24
12 -28
4 -32
32 -50
34 -4
44 40
46 -30
16 -22
28 -48
-32 50
-40 46
-48 42
-28 20
46 6
38 2
-16 -6
50 -24
42 -28
-16 30
-42 -22
-24 26
-20 -4
-42 14
-2 50
-50 10
-10 46
-30 -12
10 24
-38 -16
2 20
-46 -20
-18 -38
22 -2
-26 -42
14 -6
-34 -46
32 48
-4 -18
14 30
-12 -22
8 -44
26 4
-22 -36
18 0
30 -26
-12 14
28 50
8 -8
48 28
0 -12
40 24
-8 -16
20 -34
12 -38
4 -42
44 -6
34 -14
44 30
46 -40
38 -44
-32 40
-40 36
-48 32
-28 10
-36 6
38 -8
-16 -16
-24 -20
50 -34
42 -38
-6 34
-36 42
6 8
-42 -32
-24 16
-50 -36
-20 -14
6 44
-2 40
-50 0
-10 36
-30 -22
10 14
-38 -26
2 10
-46 -30
-18 -48
22 -12
14 -16
26 -42
32 38
24 34
-4 -28
36 8
-12 -32
26 -6
18 -10
30 -36
36 44
28 40
48 18
0 -22
40 14
-8 -26
12 -48
44 -16
-44 20
-32 -6
34 -24
46 -50
-32 30
-40 26
-48 22
-28 0
-36 -4
-16 -26
-24 -30
42 -48
-18 50
-26 46
-34 42
-6 24
-14 20
-22 16
6 -2
-42 -42
-2 -6
-50 -46
-20 -24
-2 30
-10 26
10 4
2 0
-46 -40
22 -22
14 -26
12 50
4 46
32 28
24 24
16 20
-4 -38
36 -2
-12 -42
28 -6
48 -28
46 48
30 -46
38 44
28 30
48 8
40 4
44 -26
-44 10
42 50
-32 -16
-40 -20
34 -34
-28 -46
-30 30
-40 16
-48 12
-28 -10
-36 -14
-16 -36
-24 -40
-18 40
-26 36
-34 32
-6 14
-14 10
-22 6
6 -12
-2 -16
-10 -20
10 -42
2 -46
8 34
0 30
20 8
-10 16
10 -6
2 -10
22 -32
14 -36
20 44
12 40
4 36
32 18
24 14
16 10
-4 -48
36 -12
28 -16
48 -38
40 -42
46 38
38 34
50 8
44 -36
50 44
-44 0
42 40
-32 -26
-40 -30
-48 -34
-42 46
-50 42
-30 20
-38 16
-18 -6
-48 2
-6 -32
-36 -24
-16 -46
-24 -50
-46 48
-18 30
-26 26
-34 22
-6 4
-14 0
26 36
-22 -4
6 -22
18 32
-2 -26
-10 -30
-4 50
-12 46
8 24
0 20
-8 16
20 -2
12 -6
30 42
32 -28
24 -32
14 -46
12 30
4 26
24 4
16 0
36 -22
28 -26
48 -48
46 28
38 24
50 -2
-44 -46
42 -6
44 -46
-24 48
-44 -10
42 30
-32 -36
-20 18
-40 -40
-48 -44
-42 36
-50 32
-30 10
10 46
-38 6
-46 2
-18 -16
-26 -20
-34 -24
-6 -42
-14 -46
-46 38
-26 16
-34 12
-14 -10
26 26
-22 -14
6 -32
18 22
-2 -36
-10 -40
30 -4
-4 40
-12 36
8 14
48 50
0 10
40 46
-8 6
20 -12
12 -16
30 32
4 -20
32 -38
24 -42
16 -46
34 8
4 16
46 -18
16 -10
36 -32
28 -36
34 44
-28 32
46 18
38 14
50 -12
42 -16
-16 42
-24 38
-32 -46
-20 8
-40 -50
-42 26
-50 22
-30 0
10 36
-38 -4
2 32
-46 -8
-18 -26
22 10
-26 -30
-34 -34
22 46
-4 -6
14 42
-12 -10
8 -32
26 16
-22 -24
18 12
-2 -46
-10 -50
30 -14
-4 30
-12 26
8 4
48 40
0 0
40 36
-8 -4
20 -22
12 -26
4 -30
32 -48
34 -2
44 42
46 -28
38 -32
28 -46
-40 48
-48 44
-28 22
-36 18
38 4
-16 -4
-24 -8
50 -22
42 -26
-6 46
-16 32
-42 -20
-24 28
-50 -24
-30 -46
-20 -2
-50 12
-10 48
-30 -10
10 26
-38 -14
2 22
-46 -18
-18 -36
22 0
-26 -40
14 -4
-34 -44
26 -30
32 50
24 46
-4 -16
14 32
-12 -20
8 -42
26 6
0 -46
18 2
30 -24
48 30
0 -10
40 26
-8 -14
20 -32
12 -36
4 -40
44 -4
-44 32
34 -12
46 -38
38 -42
-32 42
-40 38
-48 34
-28 12
-36 8
-16 -14
-24 -18
42 -36
-6 36
-14 32
6 10
-42 -30
-2 6
-50 -34
-20 -12
6 46
-2 42
-10 38
10 16
-38 -24
2 12
-46 -28
22 -10
-26 -50
14 -14
26 -40
18 -44
32 40
24 36
16 32
-4 -26
36 10
-12 -30
28 6
48 -16
18 -8
30 -34
28 42
48 20
40 16
-8 -24
4 -50
44 -14
-44 22
-32 -4
-40 -8
34 -22
46 -48
-40 28
-48 24
-28 2
-36 -2
-16 -24
-24 -28
-26 48
-34 44
-6 26
-14 22
-22 18
6 0
-42 -40
-2 -4
-50 -44
-10 -8
10 -30
-20 -22
8 46
20 20
-10 28
10 6
2 2
22 -20
14 -24
26 -50
4 48
32 30
24 26
16 22
-4 -36
36 0
-12 -40
28 -4
48 -26
40 -30
46 50
38 46
50 20
40 6
44 -24
-44 12
-32 -14
-40 -18
-48 -22
-28 -44
-30 32
-18 6
-48 14
-28 -8
-36 -12
-16 -34
-24 -38
-18 42
-26 38
-34 34
-6 16
-14 12
26 48
-22 8
6 -10
-42 -50
-2 -14
-10 -18
10 -40
2 -44
8 36
0 32
-8 28
20 10
12 6
32 -16
2 -8
14 -34
12 42
4 38
32 20
24 16
16 12
36 -10
-12 -50
28 -14
48 -36
40 -40
46 40
38 36
50 10
42 6
44 -34
-44 2
42 42
-32 -24
-20 30
-40 -28
-48 -32
-42 48
-50 44
-30 22
-38 18
-46 14
-18 -4
-26 -8
-6 -30
-24 -48
-46 50
-26 28
-34 24
-6 6
-14 2
26 38
-22 -2
6 -20
18 34
-2 -24
-10 -28
30 8
10 -50
-12 48
8 26
0 22
-8 18
20 0
12 -4
30 44
4 -8
32 -26
24 -30
16 -34
34 20
4 28
24 6
16 2
36 -20
28 -24
48 -46
40 -50
-28 44
46 30
38 26
50 0
-44 -44
42 -4
-24 50
-44 -8
-32 -34
-20 20
-40 -38
-48 -42
-42 38
-50 34
-30 12
10 48
-38 8
2 44
-46 4
-18 -14
22 22
-26 -18
-34 -22
-6 -40
-14 -44
-22 -48
-4 6
-34 14
8 -20
26 28
-22 -12
18 24
-2 -34
-10 -38
30 -2
-4 42
-12 38
8 16
0 12
40 48
-8 8
20 -10
12 -14
4 -18
32 -36
24 -40
16 -44
34 10
46 -16
38 -20
28 -34
-28 34
46 20
-36 30
38 16
-16 8
50 -10
42 -14
-16 44
-42 -8
-24 40
-30 -34
-20 10
-40 -48
-42 28
-50 24
-30 2
10 38
-38 -2
2 34
-46 -6
-18 -24
22 12
-26 -28
14 8
-34 -32
-6 -50
26 -18
-4 -4
14 44
-12 -8
8 -30
26 18
0 -34
18 14
-10 -48
30 -12
-12 28
48 42
0 2
40 38
-8 -2
20 -20
12 -24
4 -28
32 -46
44 8
24 -50
-44 44
34 0
44 44
46 -26
38 -30
-40 50
-48 46
-28 24
-36 20
-16 -2
-24 -6
50 -20
42 -24
-6 48
-14 44
6 22
-42 -18
-24 30
-50 -22
-30 -44
-38 -48
-20 0
-50 14
-10 50
10 28
-38 -12
2 24
-46 -16
-18 -34
22 2
-26 -38
14 -2
-34 -42
26 -28
18 -32
24 48
16 44
-4 -14
36 22
-12 -18
8 -40
48 -4
0 -44
18 4
-8 -48
30 -22
48 32
40 28
-8 -12
12 -34
4 -38
44 -2
-44 34
-32 8
34 -10
46 -36
38 -40
-32 44
-40 40
-48 36
-28 14
-36 10
-16 -12
-24 -16
42 -34
-20 -46
-6 38
-14 34
-22 30
6 12
-42 -28
-2 8
-50 -32
10 -18
-20 -10
-2 44
-10 40
10 18
2 14
-46 -26
22 -8
-26 -48
14 -12
26 -38
18 -42
32 42
24 38
16 34
-4 -24
36 12
-12 -28
28 8
8 -50
48 -14
40 -18
30 -32
28 44
40 18
44 -12
-44 24
-32 -2
-40 -6
34 -20
-48 -10
-28 -32
46 -46
38 -50
-30 44
-48 26
-28 4
-36 0
-16 -22
-24 -26
-26 50
-34 46
-6 28
-14 24
-22 20
6 2
-42 -38
-2 -2
-50 -42
-10 -6
10 -28
2 -32
8 48
0 44
20 22
12 18
32 -4
2 4
22 -18
14 -22
26 -48
4 50
32 32
24 28
16 24
36 2
-12 -38
28 -2
48 -24
40 -28
38 48
50 22
42 18
44 -22
-44 14
-32 -12
-40 -16
-48 -20
-28 -42
-36 -46
-30 34
-38 30
-18 8
-26 4
-6 -18
-36 -10
-16 -32
-24 -36
-26 40
-34 36
-6 18
-14 14
26 50
-22 10
6 -8
18 46
-2 -12
-10 -16
30 20
10 -38
2 -42
8 38
0 34
-8 30
20 12
12 8
4 4
32 -14
24 -18
36 -44
34 32
4 40
24 18
16 14
36 -8
28 -12
48 -34
40 -38
46 42
38 38
50 12
-44 -32
42 8
-44 4
-32 -22
-20 32
-40 -26
-48 -30
-42 50
-50 46
-30 24
-38 20
-46 16
-18 -2
22 34
-26 -6
-34 -10
-6 -28
-14 -32
-4 18
-34 26
-14 4
26 40
-22 0
18 36
-2 -22
-10 -26
30 10
10 -48
-12 50
8 28
0 24
-8 20
20 2
12 -2
4 -6
32 -24
24 -28
16 -32
34 22
46 -4
16 4
28 -22
48 -44
40 -48
-28 46
46 32
38 28
-16 20
50 2
-44 -42
42 -2
-42 4
-20 22
-40 -36
-48 -40
-42 40
-50 36
-30 14
10 50
-38 10
2 46
-46 6
-18 -12
22 24
-26 -16
14 20
-34 -20
-6 -38
-14 -42
-22 -46
-4 8
-12 4
8 -18
26 30
18 26
20 -44
-10 -36
30 0
-12 40
8 18
0 14
40 50
-8 10
20 -8
12 -12
4 -16
32 -34
44 20
24 -38
16 -42
34 12
46 -14
38 -18
50 -44
-28 36
-36 32
38 18
-16 10
-24 6
50 -8
42 -12
6 34
-42 -6
-24 42
-50 -10
-30 -32
-38 -36
-20 12
-48 -50
-50 26
-30 4
10 40
-38 0
2 36
-46 -4
-18 -22
22 14
-26 -26
14 10
-34 -30
-6 -48
26 -16
18 -20
-4 -2
36 34
-12 -6
8 -28
26 20
0 -32
18 16
-8 -36
30 -10
48 44
40 40
-8 0
12 -22
4 -26
32 -44
44 10
24 -48
-44 46
-32 20
34 2
46 -24
38 -28
-48 48
-28 26
-36 22
-16 0
-24 -4
42 -22
-20 -34
-6 50
-14 46
-22 42
6 24
-42 -16
-2 20
-50 -20
-30 -42
-38 -46
-20 2
-46 -50
10 30
2 26
-46 -14
22 4
-26 -36
14 0
-34 -40
26 -26
18 -30
24 50
16 46
-4 -12
36 24
-12 -16
28 20
8 -38
48 -2
0 -42
40 -6
-8 -46
30 -20
48 34
40 30
34 -44
4 -36
44 0
-44 36
-32 10
-40 6
34 -8
-28 -20
46 -34
38 -38
-40 42
-48 38
-28 16
-36 12
-16 -10
-24 -14
-20 -44
-6 40
-14 36
-22 32
6 14
-42 -26
-2 10
-50 -30
-10 6
10 -16
2 -20
22 -42
20 34
-10 42
32 8
2 16
22 -6
14 -10
-34 -50
26 -36
18 -40
32 44
24 40
16 36
-4 -22
36 14
-12 -26
28 10
8 -48
48 -12
40 -16
50 34
44 -10
-44 26
-32 0
-40 -4
-48 -8
-28 -30
-36 -34
38 -48
-30 46
-38 42
-18 20
-48 28
-6 -6
-36 2
-16 -20
-24 -24
-34 48
-6 30
-14 26
-22 22
6 4
-42 -36
-2 0
-50 -40
-10 -4
10 -26
2 -30
8 50
0 46
-8 42
20 24
12 20
32 -2
24 -6
14 -20
26 -46
18 -50
24 30
16 26
36 4
-12 -36
28 0
48 -22
40 -26
38 50
50 24
-44 -20
42 20
44 -20
-44 16
-32 -10
-20 44
-40 -14
-48 -18
-28 -40
-36 -44
-30 36
-38 32
-46 28
-18 10
-26 6
-34 2
-6 -16
-14 -20
6 -42
-24 -34
-26 42
-34 38
-14 16
-22 12
6 -6
18 48
-2 -10
-10 -14
30 22
10 -36
2 -40
8 40
0 36
-8 32
20 14
12 10
4 6
32 -12
24 -16
16 -20
36 -42
34 34
46 8
16 16
36 -6
28 -10
48 -32
40 -36
46 44
38 40
50 14
-44 -30
42 10
-42 16
-32 -20
-20 34
-40 -24
-48 -28
-28 -50
-50 48
-30 26
-38 22
-46 18
-18 0
22 36
-26 -4
-34 -8
-6 -26
-14 -30
-22 -34
-4 20
-12 16
8 -6
26 42
-22 2
18 38
-2 -20
-10 -24
30 12
10 -46
2 -50
8 30
0 26
-8 22
20 4
12 0
4 -4
32 -22
44 32
24 -26
16 -30
34 24
46 -2
38 -6
50 -32
40 -46
-28 48
-36 44
38 30
-16 22
-24 18
50 4
-44 -40
42 0
-42 6
-50 2
-30 -20
-20 24
-18 -46
-48 -38
-50 38
-30 16
-38 12
2 48
-46 8
-18 -10
22 26
-26 -14
14 22
-34 -18
-6 -36
-14 -40
26 -4
-22 -44
-4 10
36 46
-12 6
8 -16
26 32
0 -20
18 28
20 -42
12 -46
30 2
0 16
-8 12
12 -10
4 -14
32 -32
44 22
24 -36
16 -40
-32 32
34 14
46 -12
38 -16
50 -42
42 -46
-28 38
-36 34
-16 12
-24 8
-44 -50
42 -10
6 36
-42 -4
-2 32
-50 -8
-30 -30
-38 -34
-20 14
-46 -38
10 42
-38 2
2 38
-46 -2
22 16
-26 -24
14 12
-34 -28
-6 -46
-14 -50
26 -14
18 -18
30 -44
-4 0
36 36
-12 -4
28 32
8 -26
48 10
0 -30
18 18
-8 -34
30 -8
48 46
40 42
-8 2
34 -32
4 -24
44 12
24 -46
16 -50
-44 48
-32 22
-40 18
34 4
46 -22
38 -26
-48 50
-28 28
-36 24
-16 2
-24 -2
-20 -32
-14 48
-22 44
6 26
-42 -14
-2 22
-50 -18
-10 18
-30 -40
10 -4
-38 -44
-20 4
-46 -48
22 -30
20 46
10 32
2 28
22 6
-4 -46
14 2
-34 -38
26 -24
18 -28
16 48
-4 -10
36 26
-12 -14
28 22
8 -36
48 0
0 -40
40 -4
-8 -44
50 46
40 32
34 -42
44 2
-44 38
-32 12
-40 8
-48 4
-28 -18
46 -32
-36 -22
38 -36
-16 -44
-18 32
-48 40
-28 18
-36 14
-16 -8
-24 -12
-20 -42
-6 42
-14 38
-22 34
6 16
-42 -24
-2 12
-50 -28
-10 8
-30 -50
10 -14
2 -18
22 -40
14 -44
20 36
12 32
32 10
2 18
14 -8
26 -34
18 -38
32 46
24 42
16 38
36 16
-12 -24
28 12
8 -46
48 -10
0 -50
40 -14
44 -44
50 36
42 32
44 -8
-44 28
-32 2
-40 -2
-48 -6
-28 -28
-36 -32
-30 48
-38 44
-46 40
-18 22
-26 18
-6 -4
-14 -8
6 -30
-24 -22
-34 50
-6 32
-14 28
-22 24
6 6
-2 2
-50 -38
-10 -2
30 34
10 -24
2 -28
22 -50
0 48
-8 44
20 26
12 22
4 18
32 0
24 -4
16 -8
36 -30
26 -44
34 46
18 -48
16 28
36 6
28 2
48 -20
40 -24
50 26
-44 -18
42 22
-32 -44
-32 -8
-20 46
-40 -12
-48 -16
-28 -38
-36 -42
-30 38
-38 34
-46 30
-18 12
22 48
-26 8
-34 4
-6 -14
-14 -18
-22 -22
6 -40
-2 -44
-4 32
-34 40
8 6
-22 14
18 50
-2 -8
-10 -12
30 24
10 -34
2 -38
8 42
0 38
-8 34
20 16
12 12
4 8
32 -10
24 -14
16 -18
36 -40
28 -44
34 36
46 10
38 6
28 -8
40 -34
38 42
-16 34
50 16
-44 -28
42 12
-42 18
-30 -8
-20 36
-40 -22
-48 -26
-28 -48
-50 50
-30 28
-38 24
-46 20
-18 2
22 38
-26 -2
14 34
-34 -6
-6 -24
-14 -28
26 8
-22 -32
6 -50
-4 22
-12 18
8 -4
26 44
0 -8
18 40
20 -30
-10 -22
30 14
2 -48
0 28
-8 24
20 6
12 2
4 -2
32 -20
44 34
24 -24
16 -28
36 -50
34 26
46 0
38 -4
50 -30
7 9
3 17
-13 -7
-17 1
9 -9
-3 9
-7 -5
-11 3
3 -17
-1 -9
3 11
13 -1
9 7
5 15
-7 11
-1 7
-5 15
15 1
3 -3
-1 5
9 -7
5 1
1 -13
-7 -3
-11 5
-1 -7
-5 1
15 -5
9 9
-17 -3
-15 1
1 3
11 -9
-1 9
-5 -5
-9 3
1 -9
5 11
1 19
15 -1
11 7
-15 -5
1 -11
-5 11
15 -3
-3 15
17 1
-9 -11
1 5
11 -7
7 1
3 -13
-5 -3
-9 5
-3 1
-7 -13
11 9
-15 -3
7 -5
3 3
-3 17
-9 -1
-3 -5
-7 3
7 11
-19 -1
13 7
-13 -5
-17 3
3 -11
-3 11
17 -3
13 5
-1 15
19 1
-7 -11
7 -3
3 5
-1 13
9 1
5 -13
-3 -3
-7 5
15 3
-11 -9
-5 -13
-13 -3
3 -1
9 -5
5 3
-7 -1
-11 7
-1 -5
-5 3
9 11
-17 -1
3 -15
-11 -5
-15 3
5 -11
-1 11
15 5
-11 -7
-1 -19
-5 -11
9 -3
5 5
1 13
11 1
-11 9
7 -13
-1 -3
-5 5
17 3
-9 -9
-3 -13
-15 5
5 -1
1 7
11 -5
7 3
-5 -1
-9 7
1 -5
-3 3
-15 -1
5 -15
1 -7
-13 3
7 -11
1 11
-5 -15
-9 -7
-13 1
1 -19
-3 -11
1 9
11 -3
7 5
3 13
3 -9
-9 9
-3 5
-7 13
17 -1
-3 -17
-7 -9
-1 -13
7 -1
3 7
13 -5
9 3
-3 -1
-7 7
13 -7
-1 3
-13 -1
3 -7
-1 1
9 -11
-1 19
-3 -15
-7 -7
-11 1
-1 -11
3 9
-1 17
13 -3
9 5
5 13
5 -9
-7 9
-5 13
19 -1
-1 -17
-5 -9
9 -1
5 7
1 15
11 3
-1 -1
-5 7
-11 -1
5 -7
1 1
-11 -3
-1 -15
-5 -7
-9 1
5 9
1 17
11 5
7 13
-19 1
7 -9
-5 9
-3 13
-9 -5
1 -17
-3 -9
11 -1
7 7
3 15
13 3
-9 11
1 -1
-3 7
13 1
1 -3
-13 7
7 -7
3 1
-9 -3
-13 5
1 -15
-3 -7
-7 1
