121 121 50
4 0
-10 10
8 0
0 -4
-6 10
-8 -8
10 6
2 2
-8 10
-4 -8
6 2
-2 -2
-10 -6
-4 10
4 2
-6 -6
10 -10
8 2
0 -2
-8 -6
2 4
-4 -6
6 4
-2 0
-10 -4
-6 -4
10 -8
8 4
0 0
-8 -4
-4 -4
6 6
-2 2
-10 -2
-6 -2
10 -6
2 -10
0 2
-8 -2
6 -10
-4 -2
4 -10
-2 4
-10 0
8 -10
-6 0
2 -8
-8 0
6 -8
10 8
-4 0
-10 2
8 -8
-6 2
4 4
-8 2
6 -6
10 10
-2 -10
2 6
-4 2
-10 4
0 -10
-6 4
4 6
8 6
-2 -8
2 8
-4 4
6 8
-6 6
4 8
10 -4
8 8
0 4
2 10
-10 -10
6 10
-6 -10
4 -8
-2 6
4 10
10 -2
2 -6
8 10
-4 -10
0 6
-6 -8
4 -6
-2 8
8 -6
10 0
2 -4
0 8
-8 4
6 -4
4 -4
-2 10
-10 6
8 -4
0 -8
10 2
2 -2
0 10
-8 6
6 -2
-2 -6
-4 6
4 -2
-10 8
8 -2
0 -6
-6 8
-8 -10
10 4
2 0
-8 8
6 0
-2 -4
-10 -8
-4 8
-5 8
5 22
-5 4
-9 12
5 18
-13 20
1 2
-3 10
5 20
-13 16
-3 6
-7 14
-11 22
5 16
-3 8
-11 18
-15 2
-3 4
-7 12
-11 20
-1 10
-11 16
-1 6
-5 14
-9 22
-9 18
-13 2
-1 4
-5 12
-9 20
-9 16
1 6
-3 14
-7 22
-7 18
-11 2
-15 10
-3 12
-7 20
-15 6
-7 16
-15 8
-1 14
-5 22
-15 4
-5 18
-13 10
-5 20
-13 6
3 2
-5 16
-3 22
-13 4
-3 18
-1 8
-3 20
-11 6
5 2
-15 14
1 10
-3 16
-1 22
-15 12
-1 18
1 8
1 4
-13 14
3 10
-1 16
3 6
1 18
3 8
-9 2
3 4
-1 12
5 10
-15 22
5 6
-15 18
-13 8
1 14
5 8
-7 2
-11 10
5 4
-15 16
1 12
-13 18
-11 8
3 14
-11 4
-5 2
-9 10
3 12
-1 20
-9 6
-9 8
5 14
1 22
-9 4
-13 12
-3 2
-7 10
5 12
1 20
-7 6
-11 14
1 16
-7 8
3 22
-7 4
-11 12
3 18
-15 20
-1 2
-5 10
3 20
-5 6
-9 14
-13 22
3 16
