5000 2 1000
0 0
1000 1000
66740 84615
-16851 37613
31009 31589
-68041 -71122
21568 86889
53743 -31217
-73472 63365
9594 -12742
-25497 -5264
15942 13442
19537 -83361
93129 67319
-27565 73861
75273 -19266
-55048 -79726
-45975 -36987
-51309 35820
-99049 -10933
-45867 99815
-52121 99729
-89976 -15892
38058 74632
-35323 -821
-26804 -29597
32544 -91150
82557 82327
21540 -78964
-15971 -33557
-55128 -71638
-8708 -66498
58763 45186
-68904 83746
-10175 59117
-11337 -11045
-52726 -94245
-62523 55550
59767 36518
97752 -33180
-91538 23073
35570 38040
40492 -61560
-87435 -31394
-62822 -99055
35238 -31642
22159 41139
-87856 -19316
-99527 27319
-96513 -94128
-73321 -18266
21980 -39224
-75460 -8151
-5434 81023
76660 2192
52464 23448
95448 72550
-62618 95986
85265 -87102
-11942 -52849
17338 68371
-41408 77320
-24987 11079
43430 -28566
85032 92550
-14841 -30577
-58138 13124
-1864 69212
53104 -9985
42277 -71206
58262 11443
-81291 88610
29677 92942
-50070 -52580
-70030 -6642
-87379 -20316
24038 -42777
-21043 -9186
-76109 -26424
-75917 -54034
64740 -86785
-38430 -23624
16818 -67476
-83373 -53239
-87901 -14339
-23074 -54912
-84916 -48209
38465 -72615
-93344 -51477
18005 -62200
-45441 -41612
76594 16544
11881 -54451
-19430 80420
90870 75319
44045 -52624
94014 48796
81465 -21303
-87168 -43673
-83088 -34577
-12484 99650
81861 -64882
92793 -56930
54357 -37540
-84293 25232
-31842 53529
-99094 -32617
-86330 47255
-65880 60317
11884 92639
-68462 17221
-87293 -21910
4091 27015
22311 -96228
-95810 -35226
-73691 89919
50575 -84754
30765 53957
89188 -25560
45896 -39004
61363 -21359
41104 -33315
-88586 28865
97136 64372
77364 -69834
-87532 -91451
91969 -92266
-70843 -3191
-83387 42285
-5000 2089
-94643 -6102
-65068 -78423
-95979 -45317
-10627 98939
76589 -18331
83689 31570
-1573 89932
-95415 70627
-301 42355
87466 82092
-76576 -62452
71429 93234
-79303 -52596
-75569 -64186
-95467 10641
-56467 54267
42031 -60284
-91252 47496
-51206 -64865
15003 -53690
92041 76501
96557 -43906
92209 90898
-84899 -76325
46509 56239
90419 -41388
-94612 96412
93180 -92718
67251 -99169
75133 85908
-1381 -12164
63355 50588
223 -40656
-73573 38099
-65672 59388
13862 22758
-55088 16382
-44795 31984
36503 28952
-21215 -30209
92357 75131
1687 -38805
-76980 54292
71846 -36553
-92443 -79498
-13143 29437
77092 -38915
-23144 -20615
-50445 90858
76477 -24674
92352 66425
20273 31828
78292 -2827
49965 -1232
9167 -77360
74633 -20249
-83919 -73669
22452 -94728
13858 66965
95232 -88130
76551 -60487
67446 -86397
57007 64064
-31711 -19688
-55400 47844
33740 60437
43652 -25632
5142 72042
-65196 21493
34366 7929
48178 -51438
4809 -96219
32595 54529
-67057 -8949
7937 -88274
-37437 -99558
-93992 64957
34220 91518
30074 92595
56876 -25399
93317 -78667
-92895 -82730
-8978 -26178
-36862 54621
56818 -49759
56283 -23676
16973 14788
-35242 67924
67879 -74019
-719 26831
62941 -36530
-62367 -71374
-11778 -28363
-60443 -57257
1678 34845
-97588 -93373
25626 -97535
-55572 -8913
700 82589
36182 -82897
89020 85039
-41088 -21112
98554 -15588
60563 89820
10626 1053
-25941 12266
92249 -46293
41884 -90935
91122 60771
19733 22410
60811 47113
85479 75487
45763 65450
-63255 66023
28523 37045
81662 -41502
42514 -30018
-73294 -94272
19897 12586
44348 -38938
-87625 -5419
91826 -40091
59329 -88472
17497 84051
-5135 -13297
50591 -79704
40189 34572
-37095 86039
-74181 41173
42205 -45357
-36914 19368
-31781 -97857
79517 -80854
20750 -50856
30076 -6021
-88567 34933
-53566 -9397
99570 81215
37102 6808
-8238 54406
43147 78179
-86102 30523
13153 19288
-5735 21137
63081 -71430
-56343 26234
-85065 51176
-46150 -57943
-99917 84413
37524 23466
66857 19004
73403 -17753
-86527 -22917
99180 98006
-84363 -27902
57092 34853
-70767 20675
-34326 51786
6356 68723
-99938 -94635
-10096 25273
73484 52281
86753 44407
20179 41315
47091 94765
-88993 10516
-36793 -65510
36962 18296
-79690 43188
-28597 53383
21970 12314
21338 93594
41468 -58212
-66169 -26679
11516 91756
-74903 66999
69258 23789
-55815 38316
94857 -74965
-85293 3908
59711 79090
-97800 -6243
77703 58490
30690 -59516
98364 4517
-36712 -90218
-61383 41031
-597 3941
-21314 37968
58890 -50517
99903 45177
21602 -35331
79439 54562
74423 -3844
66968 -70923
-24081 83583
-71395 29402
89671 62362
-28731 -53031
77652 17599
-67015 20627
74036 5930
30693 69997
18154 77470
-16109 -55528
-63496 49859
-23728 -22702
-30273 -55190
89496 27454
11029 72653
64555 63396
15754 24640
-75450 -16796
-28085 39788
-50966 -72338
25049 20331
-5892 -95465
-84619 67576
-4378 92826
4572 54919
99510 -9997
-76659 -44462
21432 45912
83254 -40729
80592 63375
-93716 -91427
1155 34639
-50073 -56009
-75824 75572
22800 -94320
-74406 82532
-56902 6887
37991 96941
-85050 -24274
-14386 -57029
4941 32194
39513 -64542
61134 88219
-9730 -92228
27877 56539
28412 96139
-33172 -25437
-80057 61741
-93609 -57457
-62407 18116
10050 49531
-81085 -53260
-25959 -28318
-81197 49043
7643 3581
94511 -60048
44727 -57405
-10607 -74691
77302 -26919
-60151 -17526
82080 -10981
-24687 91027
57769 71579
-8242 -55964
66475 -72757
31110 72323
86760 76662
-31035 -83125
8486 -38954
-19456 -78754
98385 -83100
36247 -13116
-14894 -86422
-9654 71606
-14640 18322
-85225 -76622
3248 96926
53325 -89121
-69202 12880
22846 -21561
-10482 -59566
-31010 56839
4270 45096
-35183 -32086
-63861 -85897
-15341 7079
61893 -53454
-18719 -73181
93603 72763
-65373 658
67223 -66516
27872 7169
85301 96800
-302 4691
-85632 23273
-16318 -9665
92624 -87846
-12160 70052
86709 -54437
75593 73469
-47965 71227
-18224 -77313
67176 -90282
-14982 -89708
-20751 -32348
-71916 -36225
-26900 -64959
10447 76355
36795 30369
33270 -4347
46909 -69815
72500 61898
-28660 6456
-46549 50743
81333 -94680
-10429 85175
-88414 60646
-78894 -33029
14228 -18363
-10635 -84139
62824 62439
-80034 45833
-6579 -92647
38672 -82676
-52156 -92550
-69071 85633
-57024 -43111
69249 -28470
-42354 77074
-56632 -75272
-74837 -66996
14128 62688
11443 92929
33671 -56017
31782 51223
50784 -86582
-77231 41791
-59895 54699
42929 17454
-76218 -196
-77853 97553
-76722 86300
90367 -82259
68822 54325
-17885 89061
-25729 10068
-63464 -66218
26541 -40766
-94323 99023
-29846 -70738
-60637 -40503
9872 76696
18205 22429
-29825 -64811
59579 -9266
70315 65350
-68943 -53778
59772 25665
22777 39084
54296 18474
-7756 60230
-75968 -93092
-70836 -33321
-98970 -7462
61290 -68240
60577 -52806
34202 -75555
-1681 61622
-96899 58560
-69887 -22790
75954 -97719
-74048 -25689
53743 -60629
22485 11288
-71258 -15149
58434 77117
-20052 -59918
-37223 75270
30426 65770
20407 17587
-88067 40337
52202 54955
79667 8697
-61326 -95097
30041 17063
43593 27042
-46547 -78352
43079 58306
-28875 86314
-93325 -84159
25803 -13265
36276 -86182
-93502 13560
-86536 97059
36437 -62872
-82182 -94382
-51626 34393
88222 -52759
-67626 90145
-44689 -15754
-16790 32205
80704 -22505
-92909 -99226
71349 -81267
44333 84021
33998 -3841
-58280 -38933
-66230 -80064
98230 -17133
-31087 -85948
-6062 23094
30988 -20525
53934 4896
53596 37516
32719 81936
85244 -6146
20713 -79721
-49824 66568
-37309 73650
51546 -66923
33373 -25856
-11014 4108
-51764 64464
66376 10947
34354 -37440
-5806 -93901
-7214 -90499
16158 67639
-90073 40842
-71165 35470
18865 -28301
-12105 32434
59952 -59137
-49118 -50257
63155 -29407
-53940 46405
89115 -99092
68049 -11704
55585 56356
31599 -92458
-60162 -70222
-59988 3277
62004 -14066
-13889 62184
-58126 -39324
47390 -58400
20780 12563
-46215 -18457
52149 72094
-23277 -42886
70738 -57620
-66579 -92059
-89362 -78755
69719 -44841
-98305 70611
16445 -25531
8140 -42489
34648 19143
-78742 -71533
79138 79221
17641 72252
-17331 -31564
81185 65540
25244 13932
-98394 -98368
-2034 99710
58065 51839
-90758 21272
33739 -8382
-11877 -99741
-5481 83346
-47362 23620
-56180 57857
-20119 -17678
-59544 -92662
-62009 -21786
3021 -21465
25918 -79971
-34769 77726
-52432 83727
29785 -2188
-69663 -92796
60930 -14181
81467 -71560
-58310 -17786
-27647 43377
-13419 -81322
-13318 -51631
-34981 31821
-57582 11934
51617 15308
-20885 -82018
-48151 -60999
-74727 -45560
94127 -90956
31483 -12688
-60014 -81044
-46756 72869
93177 -34063
-65367 -84380
40159 -54935
-47207 -23658
-54027 74751
18039 10784
-46438 43185
-71184 83076
-48338 87291
21120 -61622
-99862 -74035
-38848 -97494
-28580 -72341
28613 -99421
34100 -41464
-89455 -5932
78631 5580
-98235 -954
21034 -76939
-68689 -40294
-34449 -9862
8937 -90652
71875 -48796
57529 18547
19538 -16361
-22268 53592
72801 6503
48764 73892
-68376 -66381
-49308 61594
46490 -60000
59206 -55803
69250 59684
-11298 73258
91509 -59755
-14078 11692
-63406 48455
78286 89847
30190 -36727
89237 20428
-77529 -38647
13560 -60274
-60801 -89007
-45222 79735
94398 75633
-31491 24669
92516 63054
-93794 50771
43690 72581
41206 36267
-38663 23370
57544 -11809
-66825 -25294
-49395 -42825
41668 -22737
-41926 -63388
-90577 -72234
36766 -99091
32932 67772
28403 -94572
-25622 81658
-88892 84659
41637 -73865
-35067 -49500
20096 7528
81138 -36735
39037 -7331
-92830 -80038
95817 62619
-94192 65623
-38671 -62643
66670 -68407
-8353 98182
50924 66433
-67365 9988
79381 -94121
-50102 -29217
53047 -242
38605 75360
11472 59835
-13798 56435
94899 5574
14499 -26947
70240 -78794
-88058 22771
46489 15914
-84138 -29223
-1019 -89726
-38143 -93510
-70860 33896
21116 3722
-72703 57291
-95712 -38941
-66649 15334
97287 -80937
-29061 79187
48325 -32762
26913 80808
-77135 -98762
-95483 93261
80847 43431
-27392 -42249
-80166 92992
-28251 -94715
-46008 -69227
61555 23351
10832 -75862
28383 32204
67548 -94914
81362 9943
-34757 96504
32151 70339
85244 -54123
52640 16057
-18407 -96667
70726 -27795
-74224 -15304
92186 -39222
-23581 60079
-10611 12638
-4694 44185
56617 -69172
99336 -25150
70239 53475
69142 -86659
-46566 -23621
97963 -39576
-23832 24728
36812 29323
-17588 40033
54533 -83268
-86738 65510
-23677 71430
-97619 99191
-30073 47604
-97706 2662
70224 91728
38500 -59504
-57122 -41887
-59069 8709
3193 -34225
-1262 90733
47540 85061
-47195 -47061
38258 -55638
-53383 25201
7722 -24017
26882 59427
-54909 93213
16657 -32112
-20234 641
46431 46349
10606 11511
-87386 1743
72458 36236
26747 52230
-54081 -70113
-44131 -96796
-36116 -49275
-88561 35759
-43507 -13365
-32924 -27540
-16628 -4819
-3143 40992
-7473 40821
67471 72956
-89046 -62054
75537 25649
2653 -4851
13210 56802
-35792 -23939
54889 56044
-91358 -17145
28886 71468
-63700 -46181
9327 -28134
-72919 -99947
97088 91722
-69341 75056
-74725 -32081
-27566 -90996
-98402 4022
71974 12874
-27341 -96844
-40140 -12349
-31562 1631
1184 63371
-1898 -67885
-463 16401
58570 -7870
87091 67690
6608 -94729
-34569 3921
57435 17369
-21791 -16099
83511 61519
18476 73563
-20432 -1016
-71846 -66187
-63511 -41666
15886 53891
81165 28365
15210 -89223
2995 22474
-11463 -28158
-91622 63554
-99342 2711
-40542 78579
-89664 31522
-37598 6015
-47791 -78101
40194 -24237
-63525 85786
-24281 78305
-5042 -53490
30100 -99269
-35259 -68337
-53034 -89673
-78372 96472
-67870 -47501
17171 59704
4696 78062
-33288 34918
-54528 -53551
-99821 53998
31451 92722
-790 55268
38438 25905
-29799 60410
-61513 18283
-3716 -13163
-75781 -84089
8451 92577
79191 44678
13453 47057
-67118 54724
-7130 -76799
-15943 26376
19997 23310
52833 -66018
-67117 -5080
-40187 35111
92877 -88668
400 -92308
34717 -32505
4383 -82160
91632 70819
8101 80621
-59251 -15634
-88173 99836
-93587 -48437
68884 7552
44048 -14591
95220 77816
86184 -66947
49000 372
49812 51880
-51578 41266
-69341 -82134
14748 37953
-65225 93221
-67252 -79849
-46124 -31619
-33240 34523
6514 -72470
-5269 -44383
-29181 -17180
-55399 12063
84869 -96300
-63525 97153
56542 5203
80557 54152
-24461 -47298
-896 -4182
-3679 66918
62943 95122
70790 53458
-66700 64281
-71785 25261
-79494 34387
-99885 -63259
-48344 29017
75380 -1731
30240 41941
-17404 -67007
-43678 64169
-2193 -18644
-16398 76853
-26192 -99306
-94133 -80997
40138 -38989
55314 -79936
-61285 80634
29189 -11189
-47800 -80158
11560 92753
60401 80911
-83924 -70548
50889 -93917
-24877 15706
84983 -42235
-21936 -23250
-32318 48079
44473 -3517
-73502 22467
9304 -34201
-63783 45685
-62800 -27074
-15953 -42869
49179 44797
88340 -87743
89754 76927
95418 96274
-95768 -95058
-52217 -17748
-90044 71267
99360 18047
-66614 -68876
86170 94714
-67741 -58295
-95718 -58619
-85508 21408
31163 33748
-84 -49364
48203 18611
43121 -81587
9989 20385
96654 49607
-97369 -85671
60553 4500
37202 -23824
-59458 44360
8371 43293
-48706 33208
66010 -46230
-65262 -86928
-18112 98097
13920 -53570
-19522 -92315
19487 30092
-58180 69537
-36842 72250
46465 -36225
64881 -87946
-84303 46877
94867 -57174
-46402 67354
45789 -80652
89257 -30187
-12668 -63831
-35905 -8944
-18600 -14477
20121 -69338
68331 -68941
-72643 81655
82336 -82503
84745 -11715
-56285 687
-36691 85637
1967 67075
-46572 76798
39227 40326
21532 34438
42207 73876
37554 -46858
-81309 68249
-30754 9879
-49615 -66496
-83645 -9100
-9342 -68743
-82523 85443
49697 22958
-55022 90805
17588 80527
95668 82799
72883 -39433
-88760 -98122
91328 4922
-34033 -9765
35913 -98549
-16628 39835
25332 74995
-66681 10286
39314 -80168
71761 69089
-86294 -70995
-89509 -1317
-82360 -74809
92422 83405
98308 93940
88965 -24031
33496 31057
7448 37988
-28102 97714
-95697 35381
93288 73030
-34596 17359
-49170 -86098
-81914 70194
-96709 58208
-28522 74333
-51588 50989
89997 -54732
30029 80684
-81240 248
-15536 -57575
56499 74828
15145 -93286
67722 -57049
-1756 -46789
19558 -7889
61156 -13150
82204 -75941
-62001 -4825
-42467 -13773
68155 76605
-70921 71227
-76560 -20277
82309 -80908
29514 -11016
2095 -9288
85850 -335
51929 -89899
59069 -84395
93774 -47443
61969 87788
32076 -88054
82886 10955
11630 6142
45419 -27092
62444 -18828
56 -4662
-78911 35997
-23430 17643
-93947 -34749
49594 -89802
75257 6474
-11453 -46750
-81584 -96191
-44988 80992
-71711 -86091
43540 -87773
781 27073
92452 77035
20369 -52811
-20514 23818
-67984 42229
-82811 4295
1253 -71788
63594 -78611
-86046 68653
-2758 -71070
87463 -39438
-19766 76453
28761 -27686
73000 -11920
25819 64172
22674 39931
98452 -12975
8908 -57246
55074 -38740
-48301 34133
-15021 -30992
-82061 82110
73460 42132
28723 -9864
40333 -69365
-33760 -2229
16184 -77142
91362 -79254
71274 79068
-60217 -18908
-41944 54606
-90933 -24910
43073 -35962
76894 34240
-47645 -78256
-9530 94361
-23155 -60021
-49070 -69173
-77057 -87047
49779 -7423
-90330 -75640
-42780 -14292
-39362 49007
71469 -12133
26768 -5863
94247 75684
87 45118
-75773 -1132
97268 -8265
7116 33373
-19550 40402
28154 -90695
51176 29955
-65363 22255
-48104 15349
-16773 68347
1775 -94162
26595 13799
5136 -82075
-84269 60395
19044 -97461
27209 72145
41560 98766
7683 -96073
-22075 -90667
-2588 84939
-61791 -82441
-10344 3692
50735 47916
-46153 -42021
8738 -37563
63712 -1048
-3936 28219
-30581 99387
56733 40430
68784 -96087
-53492 -80907
41314 -82328
9545 28291
-38468 -26006
54530 -86570
-42494 84456
34951 95874
28307 -94820
31195 -69272
22243 -90373
-32224 97587
8631 -71109
80420 85397
40969 80751
26207 -6092
-35509 -92751
-20258 -8859
-61319 -92579
-61996 -19833
7640 34578
65137 -2561
-61724 63390
75160 -29043
83708 -665
-59920 -60816
73161 -66051
64012 -43365
-32827 -81730
9870 -57409
78812 -91227
-2384 16648
-71844 -84466
-15882 33425
-32194 -79432
34583 76647
41267 -69342
80948 84413
-54504 -41665
34359 -22896
-9232 45711
-71499 -55294
7760 33418
-65690 8003
82487 -73495
-3398 -43740
97526 -15206
37651 46087
-26344 17121
-2846 38567
1895 17102
-86510 67883
25879 -29390
-18570 4958
-31915 -65542
-89516 79739
91181 22297
-12899 -28864
-34575 -68010
92330 -44464
81215 13861
30282 -65195
29149 29285
-29291 20605
64319 -10148
98272 -53347
-42232 -44549
-61265 -17423
-24486 1035
-28320 -93280
-3575 24885
11764 82681
13937 17257
-95874 96765
80733 -68191
-74156 -96210
68654 -40188
1481 20672
-87047 -80452
50755 82631
71014 -38529
13516 73116
7542 -47600
30820 65165
-77356 22097
-33572 -98140
-61289 76191
20988 -71642
-2597 96420
49240 -79656
90801 76656
59200 -96166
-39444 -11558
4458 43763
-47828 24061
-68438 -25461
5170 -24240
-31525 92234
20225 -40356
8061 -75452
-15002 55985
26858 -86708
-55223 -75544
-80868 -72149
-92545 39931
-32175 -74819
-72681 67477
81509 -99443
71953 24806
-45709 12551
12505 97005
65465 -80138
3181 52652
-84863 82441
95564 25622
-13996 55118
-48291 -24918
-84312 -26370
-60525 -12004
-3445 -48363
-50913 88460
-16745 -86165
98970 76035
20276 68311
84491 -19096
-28540 -14577
-47884 74429
-59986 53724
-74579 -19046
-26184 -62620
79082 -3038
-5696 23700
-46165 45922
90973 -50355
11199 45472
-16038 -23064
432 44444
-61328 81884
-97506 -85017
38914 83117
72214 87137
31668 71462
25669 -55642
-12425 -38533
74207 13352
-7814 -76640
-17351 48604
64089 32175
-63374 -50443
60372 -44733
53544 -59358
-42817 79151
-91892 -86348
21697 -86998
-7408 -43167
-35224 25376
-70991 -61315
13532 -10901
67831 54120
36148 45860
38661 323
-33963 56609
-46352 -93071
-18465 -3150
96433 56329
-26315 -48784
79891 -23396
-96609 71484
6613 -35285
-87490 -1423
-84311 -6623
94842 -80010
-91927 -3601
81157 -85084
67742 63862
-75816 -62422
-94249 -21777
-50752 29309
26158 69840
-7271 55561
-45474 -19632
-38644 -99965
-7043 -58767
-69769 10578
-55974 72302
6609 -9198
10038 24874
56993 68751
-1246 -92404
-28001 68340
41385 -24312
-37075 -15913
-50301 15364
26514 -19142
-8591 63089
86211 40065
30426 -62556
-42692 12778
55932 -14099
87395 50598
-25055 98241
41311 -62918
19510 -78499
27022 58024
-82380 37051
-54364 97696
-12791 28862
-85432 33805
36521 99276
-30013 11698
75011 30346
16578 -89725
-68850 -3457
-49740 -99372
-75060 -59463
79957 -72202
20142 57702
2442 -30730
-7317 83140
-12054 -28776
19487 -92126
-76405 29091
-4480 -95601
-36045 78370
-42993 2725
-95098 1471
-75417 14201
-48168 -71694
62096 -7796
-16342 -21213
54437 52514
12389 -36508
8662 27989
58482 -55184
85368 -56919
72622 68480
-66956 65629
-88157 -15089
-27597 -29207
-57291 33132
-29434 -33949
65494 86956
-12555 31560
-8195 -99037
-15109 33031
-3421 70808
87437 9626
-10975 -86925
-64022 -5485
83419 33616
73861 51887
-73043 -94512
71691 86148
-22933 65828
-29297 -59512
-51867 -72927
11133 -10075
71384 1312
-12361 39808
2932 -51610
6482 5717
-90340 -17653
-87452 -99034
20103 46298
86509 -87156
29741 78923
30962 27787
-68241 -23084
-73270 94337
-83751 32247
-57081 47821
-71255 38169
40459 20250
81102 80052
-77564 54140
11267 60396
68299 -51359
89895 88069
-35134 72245
-62820 44947
25481 -52589
-32776 61587
47822 -88882
-68856 62817
-18479 98272
3042 12473
47353 -55304
10662 31890
88665 -89158
-95645 41298
42099 60235
-14289 -57507
-73996 -44130
53303 57752
27328 -35980
67335 13053
36673 2731
89534 -62479
-72819 -71324
67006 -42217
-23794 -77376
9492 35582
69490 36724
58901 -25707
-6656 -71606
-61057 57562
29207 5167
77815 -81496
54443 -11777
14914 -59958
-95000 42799
20296 30144
-45959 -23235
34763 21893
-75750 1034
67631 -73763
-26722 -34926
54326 22815
25875 53802
73782 -5932
-6107 51130
79734 67827
22962 82922
51478 -83578
-98322 36426
-45761 -48024
48634 -22367
-56964 -7690
-81099 -1179
-67411 1863
-45510 -64367
75019 4163
-14579 -82096
-33862 -87394
-5632 -54061
-72302 -5469
-55808 83133
-44048 -12885
-54399 69397
-6292 2905
-49406 -37575
-22868 45886
93465 -14622
-83813 -98550
10152 -28530
-22269 13792
-79090 37570
29617 -45761
-90470 -1939
-62031 -11962
68894 -69452
15102 -76816
62746 98775
-51467 20581
-80187 59631
-74669 -14967
75059 41504
-88415 305
15614 27775
-38489 81196
14757 -36957
54485 -64428
-81039 93088
19663 -49686
-3377 -52808
39416 16961
37043 -29940
68592 -29739
-99762 72210
68982 70362
-96033 77446
69561 72687
-56650 75964
49050 -40801
-1194 85082
27645 -13502
48440 -35014
31739 -69828
-82785 -82835
86331 87255
42663 60714
-40206 65445
-60880 -49772
-26164 -58961
-60564 36324
86013 94005
-60339 -28060
27255 -3194
-92199 -15843
-45808 57578
80575 -85765
12308 58505
-53483 5241
39085 -17111
-88165 -42832
-69883 -60159
84742 -65099
-77697 -20716
-55704 -9037
-92207 -88921
-92183 -58751
-44979 -19650
-74425 -949
-33263 -89240
-51219 32157
-9769 193
-14049 -60760
-88857 -84408
-85397 87089
42383 -67183
-39847 78311
-60573 -22058
52363 -95532
10597 -15125
89889 83281
80275 -36070
-90067 92281
-86045 78631
-38507 -27625
-58606 82461
-17964 9857
10263 18422
26651 -74642
50024 -54001
9894 -34259
-60952 -24159
77066 59417
-76557 -97953
-18296 46317
99890 -84355
21969 -21661
-20822 8266
78085 -26335
45498 -12745
-40265 74205
65020 -2067
-90620 -55812
-67948 76673
-578 29820
-34526 29522
36585 16667
39300 -61953
87427 11006
-72769 6902
13885 -44370
95583 90976
73549 -39991
-87021 -42902
-69393 -78623
-16537 -85899
-51115 -16110
-91994 -8824
21897 -19092
-23130 -41368
49778 18320
11738 -78295
-87968 7468
49450 -93349
-59876 5475
26071 90148
-36046 -95689
2361 53565
60256 -7053
1040 54838
1198 36652
84950 -71351
40397 -78722
95224 89879
-44340 25037
-59557 -37320
-73123 66988
-26224 6876
79138 65445
-65850 -27249
-4497 -65066
-22375 73801
8002 -78021
94574 -35356
14370 -96796
11280 22575
99039 77436
-99368 18834
83699 54214
1998 6812
22982 -98322
69850 94435
-12605 -8310
-69134 -99596
53560 26887
-26819 9459
66312 46367
-36470 84791
-84047 25297
34909 1364
93828 -33226
88230 -73037
-19289 -28908
-28914 10395
57684 22418
-94476 44371
37093 -1180
69028 -69972
53837 -42027
-44467 -42769
-45737 -35276
-57239 79539
65582 -56977
87657 -64246
42116 -38255
-62560 -49362
96693 -14963
-24441 55156
-32883 4419
-53620 -31881
-93812 23489
33478 33799
61297 16188
-98799 82145
-77589 -6033
-38227 15485
-54034 -33340
-86717 -93028
70002 -81194
-2652 -44377
40156 17065
-50473 78361
35366 -29623
-1281 -95765
-16731 52741
-10079 83785
-27337 -16937
21962 -64924
90556 72427
46079 63663
35455 58060
-18520 35311
-87106 -87952
12310 98264
-43280 -59191
49262 -63074
16657 7390
-80870 97137
3573 31770
3171 -50640
73415 -36750
-88288 -60520
30147 8726
5221 -26589
704 13481
-90809 18674
68609 -97378
-46731 -64423
52025 -33759
65298 -7447
70093 22635
-92080 -9681
-78173 16139
1636 -12268
-71291 8409
48407 80604
64054 -25542
938 -97708
31714 -36605
-85384 -23296
-6859 -67447
99950 79664
-32377 -95541
-81386 -98267
99001 66636
-59506 -15020
-97551 2975
-48078 -12190
-17096 84826
64496 26756
40844 -24312
-7179 -74227
-25186 18956
-39195 -16002
82398 83723
-5523 -837
-73313 31896
-54917 36573
-97453 -62806
-5032 43767
63011 -55657
-58865 66341
23799 25171
2640 79359
90360 -40906
-42076 36627
13920 13865
15770 93360
-59014 54230
41998 68772
-61071 -60160
59071 -92953
18316 -62426
7116 68762
-50678 -47547
70861 45141
-7370 -26980
-27841 19286
26736 -345
16447 85618
-99199 41188
-78271 -53039
58049 82414
-82626 -32156
14864 43397
34621 14869
30260 22697
-62500 -14504
-5962 17481
95144 -77534
43263 12678
80278 30165
9292 -78105
-56386 -15933
2265 57956
-99632 75760
-97575 -51898
51996 -73359
2950 42459
23300 53608
91583 -87338
-9011 -18757
12052 74575
-31090 -17996
31670 64765
10881 -46156
-84713 66366
68384 92860
30533 77712
99104 77511
42762 51355
-17205 80284
20668 49687
-76686 86186
15401 67240
92403 -14637
-44325 -5198
-24492 46224
45243 -29562
8025 -54185
91797 6853
86944 -89148
74047 -23916
23571 -88183
-4919 -3220
-75233 63848
66596 12251
-37505 -31975
47434 -90718
85210 -95030
33980 -22896
98461 37856
61634 -76955
4501 90665
80331 6228
-8805 -58616
65552 50568
-36457 87468
-12882 59942
-20340 -27102
-43937 76855
35456 -65561
-25295 -32131
-24991 63435
30816 -88548
33814 90826
-18354 46248
66659 30462
17817 37552
-51420 -49988
140 26420
11738 -99727
-72702 30828
50261 8589
-93092 -31875
38744 71713
-42266 95155
57931 -56860
22208 -97725
-76280 -22641
-10698 40259
-20455 27515
-48879 -95217
33571 -60906
21926 9245
-21660 61641
21899 -71253
-8233 9123
15746 -73271
78078 -12068
-15549 32032
23708 -40488
-35999 -7578
-84690 81288
-19664 84439
68455 93268
83970 -32272
-46641 67782
70769 93851
72024 -29035
47857 80839
15213 -49783
-44949 34977
-38984 44353
-23469 -28888
81784 5323
57184 58946
61302 2431
-82775 -29610
-23844 -90395
-91686 -25868
85964 84043
-8732 93950
61702 -79067
-64030 24472
24371 99537
77371 30164
-16876 56333
-56215 32215
-68523 22620
94433 -18175
98865 -11418
-8685 15458
-90534 18371
57993 -72450
-98791 26910
41561 -7425
-36884 -27958
59398 -52548
41551 29648
37329 -66103
-89852 19276
78828 25499
-4302 85936
17280 -50187
11717 -71425
28351 4667
-45469 -12604
93906 -23195
-1763 -1432
35226 59941
-78545 -14148
-514 -7353
-50437 -23604
-82815 -81830
25487 93146
19692 -21683
38530 -38868
20369 -45700
9842 52623
5806 51690
99314 34075
67131 -31515
-32032 -14705
-44810 368
-74168 67946
-69579 -81445
-88454 -97695
-65468 98668
-825 -34472
75955 -40210
-96251 -92235
-23925 -75234
61673 11973
-29029 -88939
-17793 -1006
-11954 -26357
-68742 27567
-86409 -44260
-73280 -20966
-24361 -70537
-39903 -7377
-47257 10892
-9777 52449
32522 -41706
-43082 8455
74545 63756
84119 33579
98369 -29789
-78199 45993
77262 61817
-88494 2388
-2458 -90878
38558 46613
94620 63847
82764 -7859
49092 -65456
13571 50544
-7235 51869
12380 -81115
94448 -54371
84383 29756
-3744 27303
31023 4935
1329 42804
48117 74886
41571 -11977
3501 -26204
28882 69139
-82130 44983
56030 43015
-52767 -27310
-90733 -79980
37597 65077
-72457 50282
-17299 -94390
-27349 -36520
-63874 74633
1369 68701
-84265 -57568
93564 -36532
-60485 -40127
-55088 47628
-67480 -78704
70867 -50441
37020 -5274
66889 59861
32036 82600
91804 -4300
-60514 86863
-32454 18415
66523 92253
80333 -42958
82708 24591
-61137 -50158
88656 4044
-8198 65270
35723 89685
-303 40931
26209 -19944
-70183 -31607
35754 44508
-7888 -55446
-40764 -37833
56355 -55756
-2513 -4936
-12543 20676
17884 46290
-37729 52975
-56727 -86258
14981 27869
-99824 -59308
5432 -2084
-86510 -33570
-47519 9373
-67060 -39555
66076 20168
-82375 -49380
-91371 -10424
91877 86816
-10425 27664
-19557 78823
68643 28955
42070 -96843
-16534 -28445
69838 51786
-29353 -96177
12957 -52380
-85881 -39516
46965 -48183
-75141 -29205
91853 32141
-71275 66840
-93941 9595
67072 -70136
-79428 -74672
-11596 -16278
-72119 61839
-19195 -25480
13129 -70483
-39244 -1056
-9565 -17449
-2427 40943
74920 22279
-28925 -86416
-64583 -67094
23724 -6978
52180 -81964
15876 -38867
-18776 78123
-33407 76061
25544 -72742
-15531 -57463
-48785 -79045
-2309 96931
-45284 -61192
69104 -68548
-14108 -6290
88822 -60214
-28264 54906
-74283 57554
-95629 52643
-86952 91553
-66084 -36795
85054 51190
71456 -11502
-75764 79476
82713 14910
70293 -50549
35429 -21935
12930 63273
-42628 63427
-51676 15590
-50488 -77899
12363 -79338
-3094 88993
21561 -17242
6633 -17089
-13523 7035
-34361 -24774
19256 68659
-91239 -80859
71765 690
-68675 -30641
-83887 -93672
1520 83632
-88009 -54861
-64346 -9069
-47123 -6741
-9215 34211
-76110 -681
90780 85714
-80925 -43754
-40245 93742
44111 6435
-20060 -30917
-92488 -494
-81023 -47561
-7582 79716
-93915 -54856
-63854 74761
-61868 -9389
-40203 -94270
-56026 -44985
-96320 14713
60891 91799
-82816 20124
-70405 99671
210 43950
-99949 -45160
68628 -60435
63864 -23704
-8762 38450
-32802 62022
65577 39239
11511 53698
12273 -10502
-36877 -64770
60961 -49948
34642 -90953
45105 -84740
68887 -6671
23989 -17525
-52286 -4472
3884 42601
-2074 82512
-7400 86218
2695 -57259
-86946 22399
-91362 -87107
91138 38797
33513 46664
-36117 -29997
1907 -16398
22508 -50582
36946 96043
-27453 5653
-3132 -90176
65661 56818
-1478 19298
-66726 24330
-81491 65821
-29849 80612
-70772 -35210
-82068 7922
60253 40759
-47331 27238
-63877 -35251
-96527 65814
1847 -16008
-55538 -70689
56506 -28534
87564 -71576
-75358 -71695
93097 73491
-39459 22202
-79576 -7165
-18588 -81687
-56560 -53265
94486 25135
-56066 -34162
15853 10753
-68524 -68613
-32637 12289
29500 82092
26886 -88783
79234 -91031
-17992 -590
11785 -92265
-14540 -29689
89305 -14281
-52401 -38738
-58447 -18691
39189 -19686
-67566 79792
26430 77534
50138 -83292
87967 -24843
-51694 -9541
-43994 -73770
-32448 52404
14923 24184
-9486 -45532
9943 44635
-13916 34524
-3241 -19496
61699 84788
-63542 64381
-79368 68752
-80814 47210
-9174 -669
70925 36857
-65422 2831
-58840 29328
44426 92025
75045 -5284
79876 8728
-86534 47361
-31368 -84460
97523 -38412
93939 90548
51248 38197
-65704 25416
22127 31283
-64325 -25489
-12505 28574
-69605 -99186
-55931 -44283
-27556 -7882
70478 -85253
-92695 -95287
-75682 -14244
-76886 -48975
-93837 79665
69503 81522
15671 -80224
-13495 76256
-50583 -49785
-48431 23141
-99777 -8354
27815 -36961
-366 -3285
-70597 -35984
57345 30843
-8969 -59140
69197 -83027
-31242 -3875
-39261 16260
51482 25990
11100 -15165
-88214 65121
-87188 -23920
55647 -54546
47142 -2210
-46562 -17120
93823 -89800
-22389 -33407
69015 -81602
28165 82536
11309 -77340
88468 35219
72435 -46832
13280 37281
14793 42242
-70627 -69962
61865 -54844
-40397 -35272
-29988 3196
53263 46736
26506 39781
-44103 22353
60315 -98472
2456 -59092
-70090 -78550
53208 -32944
-13838 39966
30656 97881
52477 -80754
-24617 -24278
-63258 -59863
61353 16945
-81246 -15934
12408 -9944
-8474 7434
50151 38012
50459 -32479
-76696 21299
14879 83647
89262 -3451
91769 42828
72412 56416
15932 -47246
34488 -24891
70575 -84019
75836 -13592
-21250 6370
37486 87664
94389 49557
18114 38304
-25112 32783
-29513 -90963
4833 -47727
-34574 -93837
89456 -82785
74823 -69141
-33308 11251
10421 -51605
-58500 -20795
-35456 51375
55150 -62344
25054 -52887
-68676 -67663
91939 11451
-80272 84544
-3653 5079
-62175 -50370
80841 -9922
95822 39492
40088 -72020
78923 -50766
-50827 -69191
11087 41809
-23302 -110
38484 12935
82000 -14896
69844 4417
67755 -16373
2713 -85228
76667 -17607
-70913 88571
-50812 -45869
95511 98844
95073 10159
-90523 65911
29733 12394
75154 46092
31048 14275
70784 36402
-22469 61654
-45364 21925
22998 -94609
63937 4924
11819 -75319
-93153 -2875
-4974 67283
23538 -99014
28918 84955
91972 24980
-8456 -41046
-6040 75821
-70034 95888
-7671 -4988
12946 -23439
75444 7743
-64546 -7913
26733 52261
-63606 -61261
68606 -48010
14571 -1516
44133 30580
-12407 -94872
27450 35711
-31931 68925
82454 -83557
-15224 -11033
4640 -17764
55187 -75939
-23457 85933
-92569 45467
-62840 -24069
42657 93934
19177 -3332
69704 77835
7687 -20166
42314 34649
-89785 -36555
-45213 54961
84444 3957
72636 29643
76308 9563
16039 40072
-26417 40392
-85077 -96646
-18098 -79620
-27852 63801
50570 -95326
-17122 11872
71358 85428
63546 84448
97410 -7273
-52421 -56264
38308 -97439
37047 -74083
-16450 -65029
21138 76885
91803 -56898
-70576 26083
-4647 17369
-23970 -8132
43508 47867
-24328 13992
-83756 32292
-86898 -54957
41434 29333
69723 72140
51263 51904
-75943 72553
-57329 85822
-12705 -63535
-98234 -46868
44276 36091
-2948 19983
89133 77911
30745 73449
5090 -55430
-27228 92458
-78472 85919
32484 -74060
3664 -55528
-56610 -73378
72718 -82831
36956 -98475
-64309 23675
40541 30944
67626 19332
68860 9384
-88362 90431
53667 -51512
-65840 -12717
-80228 -3202
-29057 -6556
-89318 -69921
86367 41613
-56227 96386
88535 -36257
-75608 -44696
-747 66011
-27883 84349
48389 90099
-50745 94726
-85757 52590
99410 69574
-53886 -78437
46380 51078
52109 98807
-88307 66066
68484 42239
72967 13398
-82235 27752
-99181 -83976
-6918 55924
44671 41760
-89520 80427
-42100 21458
68487 -83608
34293 -40201
-73346 -10514
69661 -81899
6483 39146
-63250 94355
43093 78757
-48197 -86353
-12380 86129
85765 1742
29998 60183
-2425 -13247
-32583 43315
70768 -41197
47639 32110
-92504 -76924
46833 59307
86696 -79828
2130 1354
-23789 -10829
-52961 -46857
75501 -29695
80486 2182
-52391 20139
-8862 -80316
-58055 78764
24850 59107
82076 7558
-60601 -40148
-93438 -29086
-5783 -34917
47904 55799
85597 47681
-4969 2179
-84344 63255
26831 41374
5744 -66271
77193 11575
-54724 92974
-2081 -55322
46663 -51608
57149 -79477
31115 76557
71676 -30256
56807 -57845
-58921 6080
27955 -14166
-83853 68382
-40790 13901
48763 -47727
-65690 71260
8201 -8975
-42583 34412
37532 -40633
11251 50786
-74751 -17568
-67835 -63790
-26413 17605
47836 -48786
-14614 -86646
66184 -42740
-36697 472
46406 81731
-63991 -66649
-37121 59978
-81992 -4811
-6415 56283
90286 -40953
41773 -32753
-31317 -42672
22154 20390
-41854 -95699
-62563 86075
29273 -45456
-95183 -89481
-65584 67968
-35496 -15411
-91823 -32512
53023 86756
35876 5454
26194 -55289
1874 72289
-67201 -13363
-13013 -10552
42924 -15048
-92680 -74786
46271 -76284
70797 80081
-26221 52187
75834 -56662
21936 -1350
16830 98325
2881 53880
65944 8613
41144 42577
-75521 5861
-48370 -71122
93173 -52856
73254 17459
-28120 -70918
-714 -34789
-61304 21503
81176 22904
16507 52472
-39573 25049
-33778 -47010
-30106 32040
77984 -77552
-8293 -97103
73165 -45416
-33440 54893
99390 18093
-44492 -12476
46975 -37479
-8925 -34304
-81726 44436
-53520 -60344
82452 -71318
6585 -59464
-82684 -10256
-12004 59705
-84101 -87608
33294 64231
77227 -7710
46039 -60103
-59385 32632
84468 27322
-99899 54359
94151 -25514
74729 -34483
46762 59315
-66766 -2173
40979 28174
-795 -56762
-75833 81879
-70219 -7946
53522 34061
-1508 76256
-41747 -87525
72301 76632
-99482 -91042
57838 86345
-39581 18829
44672 -46113
30477 52716
79807 23408
-16626 19198
80258 -94920
97972 -97422
97124 -4989
-9202 -40246
-68860 79906
52139 -37252
-55487 -834
2762 72
-7102 27771
16317 -41921
-29614 93969
-92162 52880
-35758 50314
-51944 18610
-79596 29699
-88615 -61653
38663 -83994
-8355 61922
-71937 -12831
2728 -20007
25779 62645
73199 50339
72857 65118
-41546 57539
-46310 90450
1250 23998
-82278 31623
14712 -10903
-62503 82786
20737 -41924
14877 -53763
-24337 -23274
62125 21866
93837 90686
43866 63909
40213 18875
-38137 -68531
-28798 61395
2697 -63393
45410 -98731
-68247 57857
60984 -63794
12109 -26111
-54668 43141
-63948 22978
18416 -92993
16916 46020
12589 34972
9337 -65786
-65690 -89426
-41417 72368
13893 -99106
23023 60961
28332 56800
-21629 72233
-50279 49442
-19108 37295
5209 -44933
-41211 33426
19921 -9438
61430 68967
82970 -18669
23585 -52508
-13564 93086
-37861 -58118
99713 99124
45633 27156
-22704 -76903
98552 -61401
21285 -78542
52715 -38038
-49807 -66439
-20555 -45720
-61998 62540
-36598 9152
-12335 19459
-46293 -48626
-9867 28161
-34867 47036
-18203 -75535
23946 63124
-11790 74838
-79652 -95895
84348 -46998
-96070 2739
-91119 -67561
-88675 -30109
-13326 71914
77481 -24424
-72787 67772
-64710 -84089
-50914 1255
39862 84011
-36601 59624
-8276 18267
69498 8165
-75314 -49641
-22715 -63919
1320 -61668
-7727 -5543
81366 -3519
28446 91771
25459 -33873
-14904 -38820
-9913 -145
-1473 29395
-47652 -82591
6375 44693
46208 -17065
50252 -59606
-92531 -66498
17556 -83423
31047 -16431
64994 91264
33507 90792
-87646 -24370
-49188 13577
52817 79934
-25263 -60402
72072 -88397
54688 -53489
92743 83737
-33822 94722
43458 75134
39925 -77594
35666 -60993
58300 66472
85775 -23530
82531 55431
2869 10728
-7950 -14635
33289 25519
9 -75603
50941 82203
-15101 -13961
29805 -72539
6360 93357
-82408 -59270
99272 2362
-36436 39359
12592 71237
-90917 31312
-6041 -37505
23339 95912
-72525 29997
42495 6581
45018 35908
-44957 -29411
-66647 69479
25139 18191
45487 -86584
-7509 -1438
-7821 49817
14249 92241
-19734 -94803
-84469 -39307
-68039 -84898
-45374 45010
77419 -12661
-67507 -77037
-61341 78619
-13701 14811
-46587 54010
-62358 88733
-40776 54565
18473 -46149
72813 5055
27626 -53634
88655 -36791
75728 58659
32962 -73557
-65040 -48490
-23704 -53480
-40275 -30145
11192 -72082
5365 -55245
51213 -63849
22036 -24310
-95217 -38339
-22606 67567
-26524 15627
65758 18242
-73046 84898
-14623 51142
29145 74343
10463 -67925
-12698 82158
74734 28907
-77020 57517
82206 25993
40080 -66651
-50047 -26537
97841 17392
-28578 90442
-28724 -78029
75524 -18504
8253 65086
52521 -60824
57156 -86999
-30048 39346
-23207 -9347
-5840 -6221
58675 25380
64107 -16007
72894 97771
13450 26158
91356 -11167
26856 88334
-20249 26208
84413 57512
25046 -37594
-37660 -89030
-17692 -55884
61623 73505
-43350 -86453
-49557 65928
48009 -42110
-11700 -74446
74991 86014
77071 17033
64382 -54124
-66086 -23867
87929 61375
57732 82435
84470 -21814
-33990 -87862
63980 14672
-24506 -51855
20343 45403
-70044 49067
1720 75669
70008 -69552
-24559 23760
-98822 90193
65419 -27646
-83457 -7217
-13563 52398
45598 -14533
64113 -98357
83273 -73696
-42770 -60250
-93180 -59556
-21109 -81725
-14094 -30852
-5519 -32781
16943 48375
86730 -75283
15225 -84284
-87652 -27951
-63719 61776
13111 86284
77187 59960
78762 -10220
-92048 -44504
3607 57902
-78643 -91161
97357 24163
48218 -866
-39523 -39136
-53927 10791
17891 -89930
9482 62447
-8998 -74245
-30136 -78364
80737 83051
28273 14836
94299 10113
89471 18787
36768 49080
96601 -11864
28103 -57840
-90377 -75122
-87950 -27563
-19429 62817
35634 27350
-38609 -27999
-14870 44651
45029 93173
-7412 -31200
-2918 -63487
58941 13051
-89094 14559
95243 73358
-34116 -9472
1243 62783
97443 -98471
-41007 -11768
-71984 875
-58384 -30260
92788 -65823
49949 96457
33514 -36398
7544 -85529
-69439 -45204
-58197 12973
34004 71678
-94872 19767
21426 -48380
-31801 -9705
-4553 -1698
10672 7650
62488 -6256
56419 9517
85320 44839
67837 88799
-43370 -49830
-42972 87136
-22049 -26201
68696 -69864
25226 -84824
-4915 -20844
-18211 -93574
-33196 81775
11656 -23414
31937 -63675
-32855 -2946
-1704 -68452
33994 -24966
59499 50737
-80899 21685
66053 -95733
27797 -63307
-52761 2683
-185 91731
-29714 -8226
85356 -66407
-24978 45740
-98841 90664
4169 3184
50581 30999
5726 -85443
71608 -33191
41424 -16772
-10802 -7829
-88299 20286
21050 -81449
22165 -29198
825 72871
64818 -56442
-54770 15826
9156 -90815
-17836 58643
73195 -12149
2067 78554
-41496 -23974
-23556 72142
-42284 -83301
-19393 58370
50125 -81748
-89389 2986
41562 -16402
42981 76153
48541 80418
4271 -42879
33113 70949
-8513 -37565
-26303 -29502
25389 -46087
18973 52423
-44332 50473
86139 -95747
-94779 34828
-97228 -3408
51969 -27777
79279 -2872
65881 -71495
7942 35203
-16934 -19388
-93575 33684
76905 -57484
-17696 -47857
-562 96164
46660 -56742
-21185 94134
9615 -24016
-14996 36995
-21199 37639
6427 58990
18127 1796
42417 -89218
-70885 -37639
89756 -36864
46794 -54046
2512 38082
-88750 -53357
491 90419
-96171 75377
50502 -42619
-67672 -7252
21244 -48877
57120 25939
-86190 -86955
-21326 25710
-21784 -27430
73410 6286
16667 28499
-51977 -45358
-25434 74218
38883 4551
7243 -40844
-44134 -4757
-49802 61164
-26511 -49632
-12763 67157
73804 -46451
-1987 40489
53161 81973
37124 -35719
-98409 38629
-30490 13771
98083 79620
-66747 43935
-52582 -34288
-24153 29201
-71100 90828
-73557 -11598
73608 -60053
6629 -74218
62895 -36025
-61094 -53783
-94905 -31971
-57533 68914
-34596 -44837
15016 96407
-55305 -37680
25202 94405
8849 -6402
-59410 54561
47825 85913
1735 -3031
92918 15361
37912 79340
-8202 76923
-61135 87943
-618 -1759
40085 85855
64936 -8190
-68410 70148
-11260 98058
-54674 -37130
-43818 -43691
-15808 -54039
-84772 -90566
63999 16463
-95356 77117
-67835 -94312
67648 34134
-21915 -8467
67059 -80154
44871 -59017
-95849 -52730
-18255 78370
-23253 24226
-4580 50995
-80691 308
-87970 -94211
-52670 -78553
11758 -40147
12123 -56118
27127 -66753
-15336 -79109
25181 55541
-38146 99258
45398 -58066
-46311 -99888
83652 -40404
-58992 33903
-76279 -42409
11725 97428
15745 -61735
-63635 -25301
-70529 36511
5368 17511
-71398 -58776
8390 60400
96217 41106
24593 47330
23669 -32211
-28533 97097
-57642 39087
-70684 -5034
-67051 26904
-47556 64146
-21169 -78320
89025 -86347
-63614 41987
-58826 68157
-24704 85959
26787 -73295
80058 25522
-89851 7153
-99699 86521
-971 42417
-41758 68328
31869 70805
-58080 -97018
61080 84299
32262 -46084
71183 -31245
77157 23035
67312 -38000
-68983 58155
71442 40083
-60371 -26969
-1390 63188
-12386 -22391
-5192 -87866
55898 4357
85073 -43926
-49023 -54942
27657 -11876
-89717 -93492
36192 12205
24567 -41322
-34715 -1279
91128 -54989
53420 -94062
40654 -97600
-56509 36316
89790 43525
-69690 -46643
-21988 83367
85625 77276
16975 21510
-2014 12932
2389 30534
-80211 17890
38715 -34171
64477 11450
-34514 -99093
13871 28505
83897 31622
-33803 -36283
43406 -56657
47479 50765
-80215 -96429
45964 -29697
86919 79244
1416 -67185
-35835 -43700
4207 98488
5138 -81957
-16548 67412
-3567 -89865
-50042 -24223
-77654 61617
-85303 89445
-74706 88838
-84441 59236
13449 95153
-28273 53098
74643 -70870
-66041 -30742
70700 -40936
-50488 -79201
85453 -72856
69957 63677
5369 -9966
-61177 -84975
87610 -13826
-46862 70497
33806 19816
62000 78382
-95411 -49788
-14519 -98857
-69926 3948
58556 9043
82259 -46460
-66024 -66958
98982 48056
2139 -32557
-39329 -58401
1915 93061
-66274 94881
-71353 97260
-24610 84302
61355 -40860
-64450 -35000
-18834 -19069
-9321 78777
4019 15723
63851 52475
-26811 29431
-27143 -25792
19545 -28307
53417 51860
-81423 -79413
91870 -91415
35426 -22749
60778 40239
-38738 -88740
-17285 25343
54621 97368
10312 -23249
94019 -11932
92340 -41626
55544 -18751
-38809 11789
-7874 -33117
79446 22139
71892 87283
-35536 81669
-72881 56692
-29540 17873
76807 58492
77895 75165
85564 62143
-42776 78843
-71573 -2321
-49280 94022
67243 -11452
-69203 71935
-94920 55014
98822 13025
80464 83965
-95698 81727
-9073 89160
90601 96739
-39225 42091
13566 -60847
2763 24468
-72465 48492
-29013 -61125
-8393 -9292
13308 35578
98872 -330
55027 73408
24816 9541
78151 -24013
10719 93208
20322 -55043
-91528 84132
32497 -38753
-87858 40806
78994 -13874
20994 -38297
86055 50684
-19947 -60035
-16218 45181
-23402 -39043
59599 -59719
-35799 -10661
29337 78630
-17296 -4298
-82102 -30653
-95616 14939
61504 39656
-20779 -24133
-60899 -95721
-8412 22595
25034 92263
84053 58299
8256 47226
88314 -60344
92737 380
-52587 -53523
89383 -84812
-35753 -58166
-98776 87834
-19949 87333
42947 37529
20638 25686
89532 41755
-70929 41047
-76838 64447
22916 31781
69836 -14889
-19506 -32380
-43481 -56503
-10447 40051
-36562 -52895
25491 80775
-55010 15863
77990 -7416
53826 70196
-96822 -69527
61543 30779
42018 15017
72038 -29096
-8229 -9192
-12673 74631
-94114 78361
31622 -72624
41729 68803
12709 12984
2614 54314
-27435 12996
-59315 64812
-72977 24325
83153 30652
46650 -63110
-93633 75770
-40808 9395
-57644 -12667
13728 -10374
29740 -32574
94651 -62838
15011 20365
-34641 55385
78172 10822
95975 1003
-54001 70173
87218 -83787
99856 -87019
-45592 54197
-27331 66395
-54080 73182
-94722 40884
-2068 33597
-98277 -9076
-36449 75435
77646 33213
-12164 -47836
-27196 73286
63443 62479
19525 38544
35057 -56240
-56694 54522
-39440 33842
72000 -24648
23666 8584
38142 -12809
36086 65467
67927 67954
-29088 61126
-28078 -11739
49094 -16001
-78454 47715
-80100 38338
-3330 61086
48602 95224
74433 -8494
78385 -26562
-40731 -29465
51834 -92041
-84115 -22048
54288 -68244
-4312 -93895
-94587 92550
55297 -83610
-88221 32278
12134 -92204
-63963 -13611
74072 45815
72443 77782
51191 -82280
10269 33374
-26192 6561
76258 -91863
-87674 20697
69790 -89331
-96661 -40957
36888 -18434
-9479 50651
-41609 36820
-51700 -24194
-21002 -35703
91307 -9204
96721 -19294
27731 -83998
-9273 26810
65876 70762
-39185 -30995
-61868 -61912
-14876 19717
-373 -52301
-31702 29660
70530 -65852
28327 60353
76580 30676
88791 -87587
-48313 86826
-2644 22984
-76367 18408
-76718 -53829
-86359 -53849
78222 -40944
72374 34674
64487 -19331
34307 10625
-27114 92581
-77380 67725
20557 22960
94413 -58290
-41065 92069
98234 -53134
16428 79203
-4212 91073
-18969 -34977
-47983 -15374
-44144 -47996
27905 84782
58312 85473
94702 79896
87595 -93905
39659 -64117
-18118 -79773
99259 -56354
21954 20422
-15349 86510
-20250 73167
-7207 -61729
92034 32882
-12313 89603
53589 -15371
-305 -13740
-82538 -3178
4320 53012
24251 -91399
-3543 -79083
91697 -53878
67247 12069
-20364 56905
21608 -72961
79032 -16211
72667 77937
-53022 44510
81301 -84531
37267 -38721
-10274 -22947
-24929 17640
-1536 20752
-4399 -47691
-55932 -94917
-56326 17449
1962 -66336
-13910 -12670
-8467 29794
-26134 -39410
34377 83157
-62190 -75329
-60479 -30994
-32537 956
82255 -42087
-17806 52322
-68800 -59514
13198 -68329
-43241 -43463
46254 -19003
-78275 -97275
-75602 6317
-79075 70153
-5142 -8297
91589 13807
-24610 -83492
98712 26421
63729 -45946
-95840 -34088
60918 79012
-75627 41084
95221 47045
30485 97301
73047 83954
59864 76254
-43678 -2313
-52718 9461
-455 41258
5476 -84881
-26588 35447
-55725 43093
45130 59382
28141 -9124
24274 82410
-43053 61861
-45940 -24862
-38704 -78076
23165 -89491
83054 21186
-12917 -62982
-19552 -42321
-22023 -71982
-74127 84843
-29224 1020
5725 68730
10545 -48028
-6480 96601
-42947 -47627
37973 57683
-77528 4474
58642 58997
23977 18228
-17669 -58012
-16484 85383
-55952 54356
52233 -96699
-42673 -13930
78261 -39740
-21458 -70604
80664 29726
-65524 -49253
3516 32430
-76770 74781
79753 -43967
-11061 79443
-88797 -77512
-19252 -20553
40556 14235
42896 -55129
-58704 -36692
16479 -49191
-47364 -1423
38977 42614
47508 -32433
66362 18969
-32844 62115
-6085 -99292
58594 78463
-75014 37629
77334 -3352
52007 -11257
-68884 20546
-58984 -91638
-66227 11407
9397 15565
60008 7212
87583 -16566
-21981 -89645
-10712 -76267
60933 -7803
-51712 -91437
-25357 -12050
-68419 -85554
72322 -46106
-61759 92665
55867 42486
-20609 -55298
-13561 -46149
-85026 -32074
588 -94105
97754 -36454
49781 69508
25153 77439
-63585 -62532
-15739 40792
-55648 71920
42663 97768
-32178 18565
-72444 -30924
7019 48744
-78011 71916
27234 -71699
-71402 -27666
83179 -91152
-49515 -16532
-76370 66796
60533 -35178
98862 95961
30316 -46699
26578 43891
41751 -54603
81957 -92251
-46493 -59976
48333 61957
-24295 -82458
-22421 -10143
10641 -15864
-37742 -8025
-61282 -67925
-30921 -11373
-6832 45653
93014 53190
65443 45592
-73540 -43216
67608 -38905
9162 -73251
11423 -45761
-16170 73318
-23642 -49494
-47996 72318
3779 -58173
33 -15171
84123 -18451
95266 79324
-80086 30261
-75412 68353
31137 9702
-48267 96051
-45604 90348
90775 -6491
78675 -19858
-91434 50973
58165 71842
-66079 66344
28379 -70326
99941 71407
79692 27558
94361 -73193
-40813 85324
54928 -82725
60539 29601
60666 32836
-22746 41146
58502 1786
-19317 74903
95264 -43960
-90281 -12487
-12083 30353
18629 25404
-3879 -19060
-29086 89016
16265 73076
84499 -2632
-49479 78977
82562 41971
78379 -2266
45807 94810
-24846 -20113
-86310 -10934
50232 53541
-17332 -4977
45100 16276
-49513 -51798
-39693 2024
-24143 -28631
-81201 36149
-39293 -9181
8086 79853
-3695 18406
78507 1622
84604 21089
-19582 -84027
-4255 -12865
6687 -40922
-63405 31442
82956 73603
88444 -63235
-78485 -93580
-20969 47840
71650 28921
-1528 -52225
22293 44195
38219 -54209
37444 85034
-91063 -63298
23150 82668
-99551 52827
73462 -9086
7506 -6269
96629 -61803
-21355 -37527
-87958 63825
35187 25061
83790 96627
64677 -37181
82168 -10876
-40479 -62559
-20004 8768
-41092 -57917
-30217 -36088
-73664 -24
6167 -68010
-37567 -71177
51677 -89787
94735 -39890
-65970 -11085
-84800 -8070
78680 -76618
-66422 3962
85873 -68516
54548 33302
-73429 77662
-16234 66647
58455 -53292
90521 86097
78068 15771
81936 96449
-28437 3511
1332 31818
-99572 99514
-99098 -88117
-30662 60949
-10408 65148
-58406 -70969
56326 70598
-8197 -7346
24328 -97994
24659 -49456
22884 -38323
-23026 19518
97913 7893
-85798 -74712
-20017 -71621
60563 -36802
-89564 77712
48553 -14669
82302 -43575
75947 54809
-14136 -26973
-97123 71105
-46752 5554
-67153 -43864
74778 71486
-71741 -29627
15366 -17563
-70567 -75947
-34244 90874
95914 -46425
10354 -56204
93506 86522
81335 90003
-72579 55953
24465 69693
48685 780
-63633 -74476
-37583 -77947
-95015 -68837
19908 94957
40043 -8502
50243 76157
51278 52603
-60508 -50268
93706 96253
-35104 -72303
8594 -55711
77455 -86900
-57038 16078
69069 -79994
-48015 82729
-30484 -24461
-8271 15916
25519 96790
98392 -56092
73284 31092
80639 -5862
-12863 29302
-3082 93559
-67032 43057
-32395 47022
-6055 34860
-28217 -53179
-5438 -42323
-19539 -59521
-90512 -95579
7695 94190
22859 -42323
38447 26251
37373 67608
-8238 96780
-37973 98396
-89636 -35255
-96348 9756
81618 -62741
58400 70108
94246 -41347
10537 -68398
63614 -5309
-75733 -91570
-29261 1317
-5588 -82422
70599 -57672
-13524 -21201
85976 -60142
-76376 -14027
31013 95855
-75772 -2322
99813 78466
66213 -81750
-46877 492
-45861 25550
-7239 -20570
-47801 -61397
-27577 48867
47565 -22081
-71307 86664
-85288 -70733
30166 53731
-93089 59696
40801 35316
-31174 -37529
35707 27399
99670 -90431
3126 -66153
36017 55042
2287 47336
-90572 -19876
60585 47677
-93744 20032
88863 99505
-29930 -75305
-47842 -22692
75158 -78515
60755 -20348
-58039 -28612
-37972 2216
13166 -4329
-1868 9126
-86993 -78052
-37063 -25785
-92004 25114
7880 95041
-42447 4391
-6908 -45748
21809 -53785
-25276 22027
65067 -52596
-15206 40805
-25110 80602
-96006 -85509
50317 82551
70140 993
-58119 -81818
93058 93852
-13150 25416
-66656 -58292
76089 -32261
64403 -48529
-81991 -87480
71179 -99575
6301 -74871
-20529 -81899
90942 10611
-27173 -34458
26830 -99306
80165 -14796
79128 -20976
60023 56703
95343 42157
45992 -18281
-83250 -82930
62260 71715
63547 43142
11090 69072
-69231 77810
-19383 -25575
-32640 -35789
87383 7232
63193 -78051
71301 92577
97447 -16037
86294 -36970
39256 -89737
48252 87480
-57664 -69482
50027 17013
-2189 24069
12034 -23569
-84857 73892
56042 -55277
-15844 89997
93452 56883
65115 98097
-89254 -86742
86893 -7774
-70910 26451
-59511 74035
-22191 72224
-63239 83895
3718 -7852
63563 58994
-87383 -86445
-58041 -82266
58468 53469
-79140 80826
-74868 13144
43470 -77338
-32729 -43101
-1008 60950
-13255 -61333
91485 55914
74358 20144
51081 43763
68671 22512
84303 90591
-77517 24207
10665 80631
-68069 -8445
-48165 65519
-5079 37560
-5511 -16472
-95953 330
16039 -97582
94812 -91388
98085 -17374
56061 91949
40453 30963
44099 88296
-20386 26976
-87384 -68468
2693 -44424
30068 -10797
9153 -69377
69196 31477
-18879 43397
-46280 56795
-66155 6989
-13655 28151
-77087 60559
2201 74031
-51354 50791
-38081 44880
-37488 -18713
68353 -49207
-40775 71294
-83604 -41522
93507 44682
-13172 93498
-26982 48758
-54272 72799
-52414 -50112
69313 -37658
47024 7550
-10794 45259
29880 94909
33453 99390
-14 -67206
-85422 60088
85140 -69928
99592 -59384
-50859 -40172
-76504 -8757
11980 73027
30489 36899
-24378 58006
-82346 -50811
-14871 -52788
-19861 82561
-50800 -77211
-15975 89801
-90024 48714
-26964 -36918
24355 -69365
56415 -99069
-84619 -69649
85484 26104
4938 28778
-21033 -3353
73269 -33529
-55085 50964
64161 91720
39131 -94723
-79252 46110
37296 94083
96444 27175
-38521 -63853
-82207 -42099
62693 -68058
-27921 -31870
-93945 -28714
-91875 21519
-4539 79427
6040 96530
94888 -47662
17582 76657
-16308 -15969
84089 20085
-73091 -20813
-53316 -36241
-55773 -25336
-98193 -57461
-63486 71324
92905 63876
88920 17724
-51542 -37856
72800 -123
71479 98604
90259 42829
-39210 -26752
-90026 62118
-60108 26566
-93123 15369
53912 54360
78145 -48385
-17436 -34047
-51356 86651
-23527 -6959
54502 39559
5812 23439
90318 -33071
79651 -83046
-46628 -88945
-24897 -36143
92567 -74875
75684 -76062
-68954 -86378
96406 82410
-15849 58794
-30506 -73862
51434 -74146
1073 82662
-91970 9339
-1141 -5951
83025 14119
49103 16529
763 92052
35829 14279
45114 95870
41680 332
90209 35623
58898 57130
39649 59130
-23114 -28777
70199 -29913
3462 -58478
-28179 -95975
-29112 -80610
-73154 79910
4450 46996
-49632 -27439
-99224 53438
-78452 42435
-96451 13645
90919 -5056
44348 2992
-28021 -53887
-11206 -74166
-94770 52972
-6527 -13563
9835 -90642
-57580 83335
-88400 41122
-62128 -69551
-35862 48289
-42969 99114
16735 -13745
74177 22430
-37386 18345
1052 61476
-11316 97931
90067 -7810
57910 83244
-58788 95298
91468 -87188
26500 -89032
85185 -37163
94094 -79786
16601 71585
20473 60593
59198 -49825
-70555 -37109
-19753 66947
-29021 40102
-47612 -43915
26347 43074
-59144 22749
-10150 60411
69895 94747
85572 -33855
-51636 22405
-18680 92093
55743 -62042
-57030 -40570
47613 43683
-76425 58132
54992 84553
91026 67997
89772 -42571
-59145 -77045
-71312 -19749
-63394 -30966
51337 -80115
-22770 55635
-55042 -45658
-8701 35114
60878 -34533
89246 -62469
-45975 9402
-4142 1290
-26458 -61875
37097 38334
45159 51872
-73760 -93708
79564 62655
-84428 -67491
-15249 -27252
19794 -82364
48247 15032
-54832 -36372
-89724 27157
-32284 -38049
16218 -91354
-89272 1116
48027 72388
7903 -63916
5434 -2180
50359 38238
33396 22777
5891 70615
8652 -87419
-69436 -11139
-84844 -18389
-42724 -16147
-53741 5485
73657 -74688
-50793 77506
-36270 72958
52517 -16409
99328 95825
-7366 55372
-59830 20893
-41416 -740
-81851 25059
-55082 32639
-30407 -46089
-2309 16023
-97880 -47467
52329 -3100
93996 -90319
-38869 30601
-14771 -39858
-75733 80941
66152 36225
-72807 83915
-65855 -59563
71527 -5386
-93195 76200
-21187 -33732
881 6073
49769 47586
-52527 -18379
-76709 -34243
77218 -16254
-56024 56581
97508 12818
-81810 -96479
-44710 67262
-21652 -70744
82780 -87240
-17307 72991
-1783 26565
59431 16074
-43549 -51430
78876 -75630
-89081 60788
-25766 88865
-74727 26197
72460 -35585
-3328 -44124
48016 14393
-52643 56531
-90637 70589
-28477 -27733
-81405 13571
-71771 71085
73330 4936
32404 -31386
43791 57334
37407 -18978
-55426 64444
-91491 -58480
-20767 2097
99232 -32752
43714 73467
18908 -26886
23041 -49118
-28348 17227
-73633 -92046
52704 44003
-34094 -87203
27830 -18822
-18059 -22154
823 -24989
31874 43424
1229 -38720
-58465 -87905
-40994 59940
-24038 -44638
17580 81923
59958 -92767
-78480 -39551
-60028 -74071
-91114 98355
-67323 -10566
-15285 -22801
-55306 31968
-86959 -9812
57229 -52403
35764 70039
48928 -49900
91936 11733
-89529 -18056
-33229 43530
-7440 46923
-59151 -3309
71267 81464
17382 18980
-13752 -84551
-22884 -12969
18027 76821
52069 27177
50769 -58866
93478 -45779
-10386 -19736
-17328 -56189
-53186 34589
-50762 85587
-76692 -23739
-7877 -14900
3395 -83114
71903 -85397
88342 -36135
51023 -89520
-36579 -77478
51016 -35310
69970 -36046
-53381 -25841
-90078 50782
-51212 -86468
22009 20217
-96343 -30227
-74484 15105
-75648 87847
-26786 -73232
98238 23849
-64871 69216
54821 1448
89470 -34196
93723 25365
-62110 84184
-67999 -81429
-74384 -53925
-32082 14690
39416 21792
-54732 44060
-40599 27346
-77438 -26787
81390 -67992
-89343 -2387
2548 -53305
-38917 -15668
19869 -91225
44758 47811
-11783 1470
82322 42190
-30810 -6461
-88207 -17127
26326 61193
-44028 -6561
16168 -65042
86239 19111
10538 -14143
-90898 -2927
-6078 73007
-93094 24867
4682 -28347
-63593 68971
-65304 38463
-11616 -62823
19917 30977
86202 69220
73066 -36879
-67840 -40127
-50962 -17938
-53829 -6872
67865 75619
-74197 -26919
-36187 -75708
-33892 -96795
-18267 53483
71369 -10638
-55527 -88731
-95980 21832
21504 -87254
43618 -17333
85257 33312
49134 31594
90290 -40730
-87709 -89286
41536 -5543
24857 -16013
27029 -64539
5490 55247
66538 68730
-56050 75778
83567 86412
22983 -67441
53667 -72941
-37781 -71549
93637 -46171
-80201 -81441
-23623 73260
23145 38798
94506 -47702
52836 37455
-24800 -6208
-70375 3712
77646 -85346
-2463 -93914
5750 -89053
-29418 6370
15839 42817
-49743 -47268
69870 15810
-4587 -70604
72853 -92462
96681 -37320
-39861 -75050
62045 -43603
-25484 74773
-50266 8120
11157 -27688
-27506 73114
31651 28244
-9495 95490
-21258 52563
-67249 -5971
23921 -27286
97354 45567
64840 8219
-1609 80221
-69519 13788
-36737 -74717
-84867 -31970
75527 33213
22483 -73939
-16830 61722
18051 -58630
24824 20000
-10872 -64979
43148 98587
65029 21466
-12443 28826
-29568 79264
-66723 24853
-65538 -28342
93317 -83049
-96585 -33329
-79650 -15686
54498 23768
-35820 -66259
97193 -69977
-44532 -61158
97103 -14463
-79683 21502
76679 -66104
17836 -7715
33842 -83573
67772 -47276
15883 68591
17393 7192
87682 10952
-79322 -86764
98416 50757
-47381 36458
-90014 79830
-86043 -13970
81853 -27295
-74154 89749
92316 -17868
-61876 86875
11491 41262
-60814 33211
-60189 95695
-38516 57865
31088 48580
20951 -67800
34959 -17324
59403 -75394
55923 27263
-5659 -12146
99717 -72092
59806 76792
98856 -76593
-83819 9328
-36744 28972
37067 30457
-85918 -87118
-26380 76344
61846 -55373
-13146 -41990
-94270 64119
72027 3418
99098 -98023
23503 -96866
68274 -50550
91621 -3268
-2175 56160
-11144 -72041
-83885 -15373
75534 39760
42322 -15392
37611 12879
7460 -92460
-1357 -60736
-10377 -7651
-5086 -67022
-9139 33796
32189 42863
31224 -62406
42136 34214
20035 76597
-79858 62201
-25485 78090
25519 -93084
33695 66805
15128 88063
52815 4102
-3175 4047
-54443 -79059
53115 11771
33732 76755
76731 34371
52998 64711
97645 39064
74627 -24929
-11489 85387
1645 -11250
-28334 73607
8500 -58040
-27618 -42084
91842 25583
-73399 -4488
19601 -86526
-83705 -2224
-80883 -53785
91268 -32941
51796 70090
-47136 -24483
-70179 6094
9106 -29428
31121 -39422
63786 86031
-18756 119
-67615 -28818
6558 51677
38539 35171
16811 -17641
55207 -53633
3134 78591
46252 -79827
-15819 -19108
13050 13238
34089 -1982
5777 -36339
-35488 -85250
-30961 51448
92602 52193
59284 58017
-50752 -64142
-39886 79140
-55925 35131
-33134 -32123
13773 -96401
-4849 -16279
-3195 -34318
-74259 85549
85787 -87865
-7711 -90580
18511 -55100
57331 28748
-61571 -36540
-75948 78985
-64423 -4969
65300 31485
-54918 9408
-36745 -54850
57187 -15241
-76038 50240
82390 -64328
93040 -35787
-54848 56112
-81773 97740
23203 52941
-65787 85982
77701 -94820
46791 90685
24620 -88357
-21564 -84218
-96584 -38027
-70158 50939
7135 15925
-3569 -9484
96294 52089
66991 -48022
-98822 -26954
88458 -46639
-29983 58498
1604 -67382
-90159 48530
-94777 53286
37904 81029
97010 -50448
24142 86223
-89388 -52964
-93106 23188
-33488 95358
53842 -78104
70229 96369
-41962 -98300
-12764 30635
97848 52186
-9306 -79393
85184 20773
-76240 63788
76734 1051
52404 -35520
313 -63717
-35438 54806
52130 8435
-31232 78952
52220 57428
-52769 -1808
-39518 -18244
-18161 -85251
-76107 -89020
-51270 -98524
15187 66670
71190 3437
-60930 -76783
59935 -91166
32407 17889
19869 -9585
-25026 47103
-5550 13471
49864 -35103
65094 24845
-13997 56152
62564 -89696
-1335 -2917
34226 -42655
-55139 -78916
38504 -40976
1197 40958
14923 -21488
-28272 -43287
67567 -69628
59518 -3748
-57998 -17524
92701 88384
73796 21556
76368 49207
22173 92757
-15864 -70088
15850 -73715
-46375 -43883
10846 -44850
-61731 4224
97854 -81998
-29899 -87989
-24526 -56305
77465 -4906
-7990 -93216
15247 35154
1458 -13572
-74239 40858
2291 -22367
-37512 -89324
61329 -44406
44708 12548
-71064 -8844
30008 55690
-40114 -38762
3106 82007
-81904 -23076
-84982 91773
29256 -91153
88962 -28537
33229 95831
70126 -61359
67991 81681
66378 -46151
75242 25957
76758 -20698
-22057 27179
86875 -67706
99021 -46263
94198 -70614
31308 13953
-74109 -91236
-96864 18307
-37606 -75231
-46499 88355
71118 -8802
81581 -50649
-12331 -44382
39949 72065
-37786 -95432
37562 29427
45665 94809
93735 32116
-87646 -31483
-33225 2979
-90239 74335
20617 20060
-73822 -74449
62199 -52771
40453 7695
-10349 12317
5091 -97525
-75192 -5354
-17366 -64314
-25497 99070
-71537 -36482
67050 -47570
42978 -88361
37689 90494
16638 62079
-15484 56290
7068 83861
33385 -61367
96850 -80799
58753 83912
53229 43831
38719 59228
5489 6106
-64355 90244
-97723 -54764
-90845 -59316
-52261 -3557
82110 71441
40010 78624
99388 10371
16253 75084
79490 -50730
28337 96193
67667 73259
82698 81685
-89504 45545
35152 41698
-61902 -67158
14779 44257
-74513 46500
84617 -15118
-64331 4958
-4164 -92473
69103 -79465
89313 -50864
-17926 -62582
-60784 -54205
58176 -2719
57977 -88183
3862 -96255
13869 13093
-71803 91546
-87508 82097
-43335 -32229
75736 -42680
41324 36873
16556 -438
89416 19078
16975 18600
53377 -96806
-62956 -12726
-58016 -67959
39538 66220
51374 35580
-15676 -53150
69269 74363
62413 -42983
35415 -28540
-1122 31049
60329 -26246
70496 -55134
-72322 89791
-66701 93526
-90555 -83230
84173 83054
-9608 -9454
32143 -65212
-37678 93257
-51947 65206
-37189 -43261
87375 -34752
-64768 41761
86467 -96650
52848 -41549
-25071 13234
-15664 38241
46866 86105
98492 -36490
-35403 -27556
-37914 43489
41114 10379
-93703 -11646
-30756 -6461
20187 -8183
-33299 66356
52905 89834
85964 58396
40423 -11781
-11149 33222
13118 68958
74598 50166
63109 -93226
80472 -31312
43537 28187
49196 -89651
69180 49755
-28339 52309
-31136 29334
-91488 8254
-60162 92412
92244 31363
76446 -33590
-81903 -72805
-38046 -90270
41722 83748
-88307 48957
54827 -25356
36249 -77486
47329 2518
73351 25571
-19046 -20411
74523 -85880
54515 -19275
-65098 -96882
-50498 7186
-91360 -70438
-67087 76680
79631 95084
56662 45256
9221 -94501
-6469 -37871
87089 -26984
39728 -46999
-43978 -42038
-61656 -66857
-7981 -47724
-71525 73280
47218 -94799
-7880 -77904
14110 60383
-9654 42894
-37813 25942
88367 55318
-7439 -9420
-49388 -74727
19845 62295
-5652 645
-96297 -42799
-14526 84934
92887 -33187
91644 -6808
18836 -37623
46476 65114
-35093 -23611
55830 94740
91255 -63453
8010 8641
-36860 -74846
-49962 13571
32551 -91699
88424 -28260
58383 -12141
-28936 -48020
78679 -46573
-49032 4741
-69402 88578
10053 51748
-51015 -29998
69829 -19049
12898 -55355
-86973 -47179
95180 -69922
-34248 -19677
4694 -97730
84698 86579
21476 -41702
17742 -82878
71677 31220
6701 -40761
-64198 35540
-25891 -84491
-63341 58564
-75774 -34094
-47201 24294
68903 -29867
82382 22430
-18092 -43269
-89831 62500
-29747 87906
-12128 15572
-70660 98809
-56766 95636
81434 74531
-99560 -55744
47550 87247
49133 -39162
-59314 10791
43978 -17459
-5566 -31794
61863 -25403
-12803 -76406
97513 -41130
56208 71413
99736 -96900
-9296 62888
-34337 -97446
-91838 46514
-87177 45100
99721 -36556
45347 51253
68055 97879
-36752 -59150
57306 -55057
-10645 57204
-57306 -82030
-9424 -5433
92976 -23628
94943 58089
-26884 -58935
59123 -83597
26339 -42929
-54432 -12456
-66861 -48870
-73848 -6562
-43044 -31441
-35453 22591
68565 -60264
47844 -26355
-23862 -95428
19697 92878
-60594 -3467
-15011 -40956
-91606 -54819
-49342 99276
-48920 14135
-50656 25158
-63241 45763
46590 -80812
-96392 78100
-1011 -59884
80582 84034
-60122 18601
-93643 92617
-28213 9837
20149 54522
-15090 74118
75339 -7534
-18292 -10978
50075 18030
-79793 46269
-44526 380
-82210 32655
-78576 49042
-70484 -80137
-39065 -85017
35151 -17162
99371 -2976
-8874 11349
13058 -76832
77846 25861
67656 -21592
23936 -95815
19092 53760
9278 48133
86964 -58928
89570 7629
10027 -51393
-50701 -6899
78209 -91003
61123 62115
-61660 85448
-31609 -22423
-67335 87720
-64061 65984
3537 -81547
-6982 47507
66620 -11985
16367 86476
80175 26622
96334 38466
-83864 17286
37131 -69038
-97564 84465
82459 -87319
-87483 15072
77174 -69576
63722 46004
-69573 74695
38932 50414
91141 5302
-20602 -40443
31739 37226
89524 -49950
34375 -50609
-45490 2438
-60449 -75409
5991 7990
52359 23342
4286 -6841
61555 37790
-13367 -31922
69338 13990
-32836 -27229
-64577 52933
83355 53589
11716 58253
-31814 67628
74946 -8667
88536 -7234
-35373 -28265
-27542 -29156
9602 -99882
-4252 -66005
-871 70196
76753 -79659
68283 57781
170 -69144
88097 -89180
-24172 40013
95184 40697
53882 -39314
-20182 54113
-40260 65646
25309 -84679
41091 -24284
66452 99762
24511 15484
-1544 -70381
27960 -62139
44883 -81096
-22002 -13942
-60371 -24750
78217 -40182
-17855 -85047
14491 -2033
44177 -1742
66812 -92431
16962 -9317
17629 -25505
-64254 72551
-53266 84185
29661 5184
-50786 1461
36483 -27604
-41003 17899
-61410 -77411
-61499 26687
68665 -83229
-2696 26668
-16768 -88489
-84146 -36729
-17587 -34391
49502 -85368
60752 47945
6089 62771
83282 -84786
-25531 -78751
-12817 76976
-33728 -77399
-82237 13261
-88772 93763
-92340 43120
-56313 -12509
85163 -64643
94646 29723
60921 93759
-70319 -35273
-85076 88098
76377 15272
-37254 -13561
-84351 17653
-53648 -62639
-55361 11392
561 60759
-10020 90707
-99761 13224
88714 43846
46714 61173
-73561 -82961
-54712 17878
80169 -54635
46401 -96433
-76972 9552
7295 -14180
63115 43843
-62544 50110
65160 -94480
-89295 -38225
-70145 -74650
-73383 -28685
-64384 36814
37658 -62648
-98868 -97839
-19808 16711
43473 14353
-46152 47273
16964 30062
35948 31096
-31856 -5849
73505 -61982
-35601 -64563
8004 -54249
15515 -32863
-44085 18282
45052 77649
77146 -39943
38109 -88785
54342 83327
41067 -59620
81111 51446
-63841 -34583
-76841 15712
-35977 -6601
97027 -35674
-62819 85581
-63842 -7857
14078 -42732
14427 83610
-76378 -34593
-55883 -66103
-99146 -14859
-404 98442
74814 -73128
-3373 -22996
61276 -54055
-86596 -63917
-1326 -58823
-20701 -76508
-39961 -85417
6299 -78584
67110 -45216
-25053 61897
6609 -43922
14519 25238
35422 97015
-94024 67868
57134 -58739
-24824 90278
-64984 84655
-32256 -76972
88954 90237
10123 -63877
18905 47306
-40632 53734
63727 59180
-53775 -11873
48932 -93153
-45147 28147
47144 10940
-8462 38646
13773 -87713
-67795 -22618
-60367 90285
58500 4094
-86153 -19992
-24490 38027
58201 -277
-7339 709
-97535 17638
91615 70487
-34938 -48987
34104 -46506
79402 35278
-88411 44853
30100 -54588
-91943 -43281
98215 -86491
48652 3569
-64094 -34607
85939 28545
-8309 56418
54025 -75542
-34095 -71004
-17728 -58634
-600 -400
400 600
